7.422799999999999472e-05 3.182744952615612988e+02 3.182766797469780613e+02
1.223809999999999926e-04 5.154959794608678294e+02 5.154947637501446707e+02
2.017730000000000077e-04 8.345969790247863784e+02 8.346034173207037838e+02
3.326669999999999779e-04 1.349804987673243659e+03 1.349841478273453276e+03
5.484749999999999825e-04 2.177419066289750845e+03 2.177544046436557892e+03
9.042819999999999591e-04 3.492188056896020953e+03 3.492717205708557685e+03
1.490910000000000022e-03 5.536555665077287813e+03 5.538833476752608476e+03
2.458090000000000015e-03 8.589735388360479192e+03 8.599034573073065985e+03
4.052710000000000166e-03 1.282315319669526252e+04 1.285970305146264218e+04
4.592330000000000370e-03 1.404927647682559473e+04 1.410041259357083436e+04
5.203789999999999805e-03 1.532288086081523943e+04 1.539443174513515987e+04
5.896659999999999749e-03 1.662568128879343567e+04 1.672600378024427846e+04
6.681789999999999952e-03 1.793321274777794679e+04 1.807378696786265573e+04
7.571460000000000343e-03 1.921302249607965859e+04 1.941058354971408335e+04
8.579589999999999786e-03 2.042322391892126325e+04 2.070206414318785755e+04
9.721950000000000036e-03 2.151141422133498418e+04 2.190598155081552250e+04
1.101640000000000084e-02 2.241212205927976174e+04 2.297341717555942159e+04
1.248319999999999985e-02 2.304568256141957681e+04 2.384642599144987616e+04
1.414540000000000068e-02 2.332016355471052157e+04 2.446272880359673218e+04
1.602879999999999930e-02 2.313678983730941036e+04 2.475553148738742675e+04
1.816299999999999859e-02 2.240613992376095484e+04 2.466184131818737296e+04
2.058139999999999969e-02 2.108272430863070258e+04 2.413189091750797161e+04
2.332180000000000017e-02 1.920876449388684705e+04 2.314264435256525394e+04
2.642699999999999910e-02 1.695200937718442219e+04 2.171280988025528131e+04
2.994569999999999871e-02 1.456727654814179732e+04 1.992183132853448114e+04
3.393299999999999789e-02 1.227576679053191401e+04 1.791550063211913221e+04
3.845110000000000194e-02 1.035646533373906823e+04 1.610738532796384970e+04
4.357079999999999981e-02 8.612565590923013588e+03 1.428190188595139443e+04
4.937219999999999803e-02 7.213624983782969139e+03 1.268803706454712665e+04
5.594600000000000267e-02 6.309107428226715456e+03 1.165658673774188355e+04
6.339509999999999590e-02 5.555658750630994291e+03 1.077303108163771867e+04
7.081790000000000307e-02 4.849494148595955267e+03 9.850768982127747222e+03
7.824069999999999636e-02 4.165930161471224892e+03 8.849709326597972904e+03
8.566350000000000353e-02 3.462199579621885732e+03 7.713592742327738961e+03
9.308629999999999682e-02 2.863292969356340564e+03 6.661581966559943794e+03
1.005090000000000011e-01 2.433818899196703569e+03 5.847521367641936195e+03
1.079320000000000002e-01 2.161306606171151543e+03 5.299970433882916041e+03
1.153549999999999992e-01 1.998441048057087755e+03 4.955327841765795711e+03
1.227779999999999982e-01 1.884836516443825758e+03 4.710859589355416574e+03
1.302000000000000102e-01 1.764574813394874582e+03 4.464509823051705098e+03
1.376229999999999953e-01 1.613659846385333822e+03 4.158872052778602665e+03
1.450460000000000083e-01 1.442121232021292371e+03 3.800553843144590246e+03
1.524689999999999934e-01 1.275168620605344131e+03 3.437325180294722486e+03
1.598920000000000063e-01 1.139254444761647164e+03 3.124699276749459386e+03
1.673139999999999905e-01 1.045608935560643886e+03 2.892996801651206169e+03
1.747370000000000034e-01 9.855063292262783534e+02 2.734392112765191087e+03
1.821599999999999886e-01 9.434448698389556967e+02 2.621136097625656930e+03
1.895830000000000015e-01 9.041516912109337909e+02 2.521360185086792171e+03
1.970059999999999867e-01 8.558069223140231543e+02 2.408926225125130259e+03
2.044279999999999986e-01 7.970455033681696477e+02 2.275718252987128835e+03
2.118510000000000115e-01 7.348147999010917601e+02 2.131299150790337080e+03
2.192739999999999967e-01 6.775112396432647301e+02 1.992523254820934199e+03
2.325589999999999880e-01 6.043615678099830575e+02 1.801075178019425039e+03
2.466500000000000081e-01 5.592902748580297612e+02 1.674551995513462089e+03
2.615939999999999932e-01 5.147692055829371611e+02 1.561441129757648469e+03
2.774429999999999952e-01 4.577431604606937867e+02 1.423082278041220661e+03
2.942529999999999868e-01 4.075530916306463496e+02 1.291591726368875698e+03
3.120809999999999973e-01 3.734374061572215737e+02 1.196239600935984072e+03
3.309889999999999777e-01 3.404594551687434887e+02 1.110853634342400028e+03
3.510429999999999939e-01 3.049866091692716168e+02 1.019196878189235349e+03
3.723130000000000051e-01 2.771927869874783710e+02 9.422172285455342262e+02
3.948699999999999988e-01 2.531544803872323826e+02 8.773984975078301431e+02
4.187949999999999728e-01 2.291926106461686743e+02 8.132127926074545030e+02
4.441689999999999805e-01 2.093909153510618069e+02 7.577909064365700260e+02
6.198869999999999658e-01 1.298035528918265129e+02 5.308047427032342966e+02
8.651219999999999466e-01 8.835854249325657861e+01 3.955865706420593142e+02
1.207379999999999898e+00 6.524517218071527225e+01 2.985481260486789097e+02
1.685030000000000028e+00 4.960306365768019532e+01 2.138274940553282590e+02
2.351649999999999796e+00 3.627924069880890556e+01 1.385823461683095843e+02
3.281989999999999963e+00 2.419880002723366985e+01 8.110008856586931358e+01
4.580379999999999896e+00 1.447130265794791626e+01 4.432077915392245160e+01
6.392439999999999678e+00 7.916718519582495617e+00 2.318064885907186934e+01
8.921359999999999957e+00 4.081752400516250212e+00 1.169527567617579678e+01
1.245079999999999920e+01 2.017033719425267435e+00 5.700872115136959906e+00
1.737640000000000029e+01 9.636280968241830447e-01 2.690068915992828380e+00
2.425080000000000169e+01 4.475647914472030697e-01 1.231349597153457820e+00
3.384470000000000312e+01 2.027504776399504938e-01 5.481370516916808100e-01
4.723409999999999798e+01 8.977678843976066858e-02 2.380996290057977582e-01
6.592050000000000409e+01 3.892309665338308106e-02 1.012997874059919506e-01
9.199939999999999429e+01 1.655005177422454177e-02 4.234605568270897319e-02
1.283959999999999866e+02 6.919248180342264798e-03 1.743002925086230975e-02
1.791899999999999977e+02 2.850746158608605772e-03 7.082234915704913557e-03
2.500800000000000125e+02 1.159304442930197401e-03 2.846997110610512485e-03
3.490149999999999864e+02 4.655797622590131073e-04 1.132159419127132293e-03
4.870899999999999750e+02 1.847207040892175458e-04 4.463397867397135479e-04
6.797889999999999873e+02 7.245077477319629563e-05 1.747197349496337499e-04
9.487219999999999800e+02 2.804399635192788513e-05 6.786082604123684051e-05
1.324049999999999955e+03 1.068677026257418142e-05 2.615696382287383548e-05
