7.418400000000000666e-05 3.326352575600137698e+02 3.076100104954128938e+02
1.223089999999999974e-04 5.389198953400094751e+02 4.983751748805950115e+02
2.016529999999999885e-04 8.727857504942751348e+02 8.071232009995648014e+02
3.324700000000000203e-04 1.412021847259143442e+03 1.305790788186826376e+03
5.481499999999999611e-04 2.278532498648112323e+03 2.107110985459485619e+03
9.037459999999999764e-04 3.655785692710630883e+03 3.380748876794681564e+03
1.490020000000000103e-03 5.799172597736751413e+03 5.362881702447734824e+03
2.456639999999999952e-03 9.005868152839626418e+03 8.328326932119394769e+03
4.050309999999999674e-03 1.347226206519018160e+04 1.245869927961290705e+04
4.589600000000000103e-03 1.477319504736101408e+04 1.366175884515742655e+04
5.200699999999999941e-03 1.613021390116581824e+04 1.491668485073993179e+04
5.893159999999999718e-03 1.752656809408184199e+04 1.620798704572734277e+04
6.677830000000000051e-03 1.894051567794864968e+04 1.751555934880733184e+04
7.566970000000000120e-03 2.034291000785068900e+04 1.881244817157148645e+04
8.574500000000000524e-03 2.169771452865857282e+04 2.006532855224519517e+04
9.716179999999999609e-03 2.296172025389198097e+04 2.123424301663721053e+04
1.100989999999999955e-02 2.408201920035132207e+04 2.227026530642847138e+04
1.247580000000000043e-02 2.499942856075031523e+04 2.311866728692205288e+04
1.413700000000000026e-02 2.564716408744073487e+04 2.371769271290044344e+04
1.601930000000000021e-02 2.595617824854364881e+04 2.400349470179890704e+04
1.815220000000000028e-02 2.585987179542421291e+04 2.391449433988997771e+04
2.056919999999999929e-02 2.530659873232262180e+04 2.340294723300156693e+04
2.330789999999999945e-02 2.427106215485269058e+04 2.244548562089461848e+04
2.641129999999999867e-02 2.277385430936189005e+04 2.106119372467268840e+04
2.992799999999999974e-02 2.089780999534586226e+04 1.932673790644263863e+04
3.391279999999999989e-02 1.879593316396888986e+04 1.738370457364921094e+04
3.842829999999999857e-02 1.690237027403596585e+04 1.563370458287684778e+04
4.354489999999999750e-02 1.499091566790973229e+04 1.386770268676600972e+04
4.934290000000000204e-02 1.332294848076340350e+04 1.232754718978942765e+04
5.591279999999999861e-02 1.224529704867138935e+04 1.133400569473166070e+04
6.335749999999999715e-02 1.132233723312168149e+04 1.048407185344098980e+04
7.077590000000000270e-02 1.035743142007702227e+04 9.595111841507454301e+03
7.819429999999999437e-02 9.308700781796895171e+03 8.628166910813491995e+03
8.561269999999999991e-02 8.117327622961777706e+03 7.528770523552641862e+03
9.303110000000000546e-02 7.013502255908786537e+03 6.509826832961974105e+03
1.004489999999999966e-01 6.159161054230563423e+03 5.721167604638851117e+03
1.078680000000000055e-01 5.584435488696006360e+03 5.190745126579283351e+03
1.152859999999999996e-01 5.222602923392967568e+03 4.856935404594370084e+03
1.227049999999999946e-01 4.965850605213248855e+03 4.620102628998555701e+03
1.301229999999999887e-01 4.707215046193823582e+03 4.381382471165300558e+03
1.375409999999999966e-01 4.386257484120407753e+03 4.084922751354389220e+03
1.449600000000000055e-01 4.010017445677923661e+03 3.737261267668911842e+03
1.523780000000000134e-01 3.628641231402041740e+03 3.384789972734376079e+03
1.597969999999999946e-01 3.300423063184790408e+03 3.081429193970988763e+03
1.672150000000000025e-01 3.057103142456855039e+03 2.856539502928749243e+03
1.746330000000000104e-01 2.890534929462671698e+03 2.702594803303036770e+03
1.820519999999999916e-01 2.771569416876884588e+03 2.592646240721667255e+03
1.894699999999999995e-01 2.666789758700731454e+03 2.495797667469238604e+03
1.968890000000000085e-01 2.548691668740308614e+03 2.386619880658849524e+03
2.043069999999999886e-01 2.408814149731900216e+03 2.257292345475683760e+03
2.117249999999999965e-01 2.257114757083058066e+03 2.117025154682381071e+03
2.191440000000000055e-01 2.111386183639859155e+03 1.982272485081431341e+03
2.324209999999999887e-01 1.910291081211831624e+03 1.796309065444803764e+03
2.465029999999999999e-01 1.777365412469447165e+03 1.673362506794820092e+03
2.614380000000000037e-01 1.658503366434760892e+03 1.563404827788199100e+03
2.772780000000000244e-01 1.513128958664897027e+03 1.428920522369531000e+03
2.940780000000000061e-01 1.374947613850300968e+03 1.301075349874800850e+03
3.118960000000000066e-01 1.274707324132527901e+03 1.208297608914428110e+03
3.307930000000000037e-01 1.184910020411940650e+03 1.125162403251976912e+03
3.508350000000000080e-01 1.088511272060766942e+03 1.035911554390810124e+03
3.720919999999999783e-01 1.007508289518086372e+03 9.608809552648910994e+02
3.946359999999999868e-01 9.392610520228041651e+02 8.976281585565500336e+02
4.185459999999999736e-01 8.716559467697538821e+02 8.349535501198345173e+02
4.439049999999999940e-01 8.132303817848378458e+02 7.807475545703332500e+02
6.195190000000000419e-01 5.731102846941770395e+02 5.572430180268106596e+02
8.646089999999999609e-01 4.283221060080664984e+02 4.208437779408680512e+02
1.206660000000000066e+00 3.225951945894203163e+02 3.191904181419567408e+02
1.684029999999999916e+00 2.295618515048958841e+02 2.280657574277034030e+02
2.350249999999999950e+00 1.475857165683846972e+02 1.469516603143320026e+02
3.280040000000000067e+00 8.586910225651135420e+01 8.560894926771736380e+01
4.577659999999999840e+00 4.679526000423673082e+01 4.669109149854331520e+01
6.388639999999999652e+00 2.444067561188947124e+01 2.439969233539028792e+01
8.916069999999999496e+00 1.231439603770346736e+01 1.229847907587581624e+01
1.244340000000000046e+01 5.994642181228634570e+00 5.988517349326424544e+00
1.736609999999999943e+01 2.824693880683379454e+00 2.822352370683218314e+00
2.423639999999999972e+01 1.291087828930903569e+00 1.290196732328931173e+00
3.382459999999999667e+01 5.739417274228184596e-01 5.736037426083216983e-01
4.720600000000000307e+01 2.490052566564749936e-01 2.488774337638946232e-01
6.588129999999999598e+01 1.058325112149351016e-01 1.057843312052700879e-01
9.194480000000000075e+01 4.420240222972027927e-02 4.418433365583850775e-02
1.283189999999999884e+02 1.818120080669808139e-02 1.817448220986992574e-02
1.790840000000000032e+02 7.383447125097215152e-03 7.380984428928350459e-03
2.499319999999999879e+02 2.966895771225975219e-03 2.966012766970852789e-03
3.488079999999999927e+02 1.179482729978867861e-03 1.179174225256752768e-03
4.868009999999999877e+02 4.650146465783629840e-04 4.649073934466398778e-04
6.793849999999999909e+02 1.820619580158175724e-04 1.820221276587367172e-04
9.481589999999999918e+02 7.073924420288310924e-05 7.072243184604238338e-05
1.323259999999999991e+03 2.728189394712512097e-05 2.727385006529344641e-05
