  0.742280E-04  0.198619E+08  0.198619E+08  0.257799E+08  0.257789E+08  0.000000E+00  0.198516E+08  0.526402E+00  0.198619E+08
  0.122381E-03  0.198596E+08  0.198596E+08  0.246093E+08  0.246065E+08  0.000000E+00  0.198492E+08  0.526390E+00  0.198596E+08
  0.201773E-03  0.198533E+08  0.198533E+08  0.216688E+08  0.216618E+08  0.000000E+00  0.198429E+08  0.526359E+00  0.198533E+08
  0.332667E-03  0.198366E+08  0.198366E+08  0.152334E+08  0.152182E+08  0.000000E+00  0.198263E+08  0.526285E+00  0.198366E+08
  0.548475E-03  0.197943E+08  0.197943E+08  0.568696E+07  0.565922E+07  0.000000E+00  0.197840E+08  0.526150E+00  0.197943E+08
  0.904282E-03  0.196950E+08  0.196949E+08  0.114102E+07  0.109049E+07  0.000000E+00  0.196846E+08  0.526017E+00  0.196950E+08
  0.149091E-02  0.194834E+08  0.194832E+08  0.228426E+06  0.190860E+06  0.000000E+00  0.194730E+08  0.525960E+00  0.194834E+08
  0.245809E-02  0.190667E+08  0.190659E+08  0.000000E+00  0.000000E+00  0.000000E+00  0.190561E+08  0.525939E+00  0.190665E+08
  0.405271E-02  0.183032E+08  0.183013E+08  0.000000E+00  0.000000E+00  0.000000E+00  0.182917E+08  0.525930E+00  0.183028E+08
  0.459233E-02  0.180372E+08  0.180348E+08  0.000000E+00  0.000000E+00  0.000000E+00  0.180251E+08  0.525928E+00  0.180368E+08
  0.520379E-02  0.177348E+08  0.177318E+08  0.000000E+00  0.000000E+00  0.000000E+00  0.177219E+08  0.525927E+00  0.177343E+08
  0.589666E-02  0.173925E+08  0.173887E+08  0.000000E+00  0.000000E+00  0.000000E+00  0.173783E+08  0.525926E+00  0.173918E+08
  0.668179E-02  0.170067E+08  0.170019E+08  0.000000E+00  0.000000E+00  0.000000E+00  0.169905E+08  0.525925E+00  0.170059E+08
  0.757146E-02  0.165734E+08  0.165674E+08  0.000000E+00  0.000000E+00  0.000000E+00  0.165540E+08  0.525924E+00  0.165724E+08
  0.857959E-02  0.160881E+08  0.160806E+08  0.000000E+00  0.000000E+00  0.000000E+00  0.160638E+08  0.525923E+00  0.160868E+08
  0.972195E-02  0.155459E+08  0.155364E+08  0.000000E+00  0.000000E+00  0.000000E+00  0.155141E+08  0.525921E+00  0.155443E+08
  0.110164E-01  0.149409E+08  0.149290E+08  0.000000E+00  0.000000E+00  0.000000E+00  0.148974E+08  0.525918E+00  0.149388E+08
  0.124832E-01  0.142661E+08  0.142515E+08  0.000000E+00  0.000000E+00  0.000000E+00  0.142050E+08  0.525913E+00  0.142636E+08
  0.141454E-01  0.135140E+08  0.134961E+08  0.000000E+00  0.000000E+00  0.000000E+00  0.134269E+08  0.525906E+00  0.135109E+08
  0.160288E-01  0.126774E+08  0.126555E+08  0.000000E+00  0.000000E+00  0.000000E+00  0.125529E+08  0.525894E+00  0.126736E+08
  0.181630E-01  0.117515E+08  0.117253E+08  0.000000E+00  0.000000E+00  0.000000E+00  0.115757E+08  0.525875E+00  0.117470E+08
  0.205814E-01  0.107400E+08  0.107089E+08  0.000000E+00  0.000000E+00  0.000000E+00  0.104978E+08  0.525844E+00  0.107346E+08
  0.233218E-01  0.966147E+07  0.962553E+07  0.000000E+00  0.000000E+00  0.000000E+00  0.934073E+07  0.525795E+00  0.965531E+07
  0.264270E-01  0.855662E+07  0.851610E+07  0.000000E+00  0.000000E+00  0.000000E+00  0.815001E+07  0.525715E+00  0.854967E+07
  0.299457E-01  0.748093E+07  0.743681E+07  0.000000E+00  0.000000E+00  0.000000E+00  0.698303E+07  0.525590E+00  0.747336E+07
  0.339330E-01  0.648057E+07  0.643469E+07  0.000000E+00  0.000000E+00  0.000000E+00  0.588022E+07  0.525395E+00  0.647269E+07
  0.384511E-01  0.562089E+07  0.557593E+07  0.000000E+00  0.000000E+00  0.000000E+00  0.490367E+07  0.525098E+00  0.561318E+07
  0.435708E-01  0.484303E+07  0.480234E+07  0.000000E+00  0.000000E+00  0.000000E+00  0.401394E+07  0.524652E+00  0.483605E+07
  0.493722E-01  0.419050E+07  0.415725E+07  0.000000E+00  0.000000E+00  0.000000E+00  0.324377E+07  0.524005E+00  0.418479E+07
  0.559460E-01  0.370722E+07  0.368315E+07  0.000000E+00  0.000000E+00  0.000000E+00  0.262937E+07  0.523091E+00  0.370309E+07
  0.633951E-01  0.329289E+07  0.327699E+07  0.000000E+00  0.000000E+00  0.000000E+00  0.208908E+07  0.521855E+00  0.329016E+07
  0.708179E-01  0.293168E+07  0.291969E+07  0.000000E+00  0.000000E+00  0.000000E+00  0.164642E+07  0.520453E+00  0.292962E+07
  0.782407E-01  0.260226E+07  0.259027E+07  0.000000E+00  0.000000E+00  0.000000E+00  0.128260E+07  0.518938E+00  0.260020E+07
  0.856635E-01  0.228034E+07  0.226637E+07  0.000000E+00  0.000000E+00  0.000000E+00  0.979937E+06  0.517364E+00  0.227794E+07
  0.930863E-01  0.199895E+07  0.198326E+07  0.000000E+00  0.000000E+00  0.000000E+00  0.745408E+06  0.515782E+00  0.199626E+07
  0.100509E+00  0.178060E+07  0.176489E+07  0.000000E+00  0.000000E+00  0.000000E+00  0.574336E+06  0.514235E+00  0.177790E+07
  0.107932E+00  0.162464E+07  0.161081E+07  0.000000E+00  0.000000E+00  0.000000E+00  0.452454E+06  0.512756E+00  0.162226E+07
  0.115355E+00  0.151564E+07  0.150474E+07  0.000000E+00  0.000000E+00  0.000000E+00  0.364269E+06  0.511365E+00  0.151377E+07
  0.122778E+00  0.143056E+07  0.142241E+07  0.000000E+00  0.000000E+00  0.000000E+00  0.296767E+06  0.510068E+00  0.142917E+07
  0.130200E+00  0.134708E+07  0.134057E+07  0.000000E+00  0.000000E+00  0.000000E+00  0.241232E+06  0.508881E+00  0.134596E+07
  0.137623E+00  0.125480E+07  0.124860E+07  0.000000E+00  0.000000E+00  0.000000E+00  0.194282E+06  0.507803E+00  0.125374E+07
  0.145046E+00  0.115622E+07  0.114942E+07  0.000000E+00  0.000000E+00  0.000000E+00  0.154979E+06  0.506821E+00  0.115505E+07
  0.152469E+00  0.106029E+07  0.105272E+07  0.000000E+00  0.000000E+00  0.000000E+00  0.123308E+06  0.505946E+00  0.105899E+07
  0.159892E+00  0.978100E+06  0.970216E+06  0.000000E+00  0.000000E+00  0.000000E+00  0.988997E+05  0.505153E+00  0.976747E+06
  0.167314E+00  0.915565E+06  0.908082E+06  0.000000E+00  0.000000E+00  0.000000E+00  0.807456E+05  0.504450E+00  0.914281E+06
  0.174737E+00  0.869602E+06  0.863075E+06  0.000000E+00  0.000000E+00  0.000000E+00  0.670261E+05  0.503823E+00  0.868482E+06
  0.182160E+00  0.833305E+06  0.827889E+06  0.000000E+00  0.000000E+00  0.000000E+00  0.563181E+05  0.503257E+00  0.832376E+06
  0.189583E+00  0.799510E+06  0.794956E+06  0.000000E+00  0.000000E+00  0.000000E+00  0.475160E+05  0.502758E+00  0.798729E+06
  0.197006E+00  0.762512E+06  0.758359E+06  0.000000E+00  0.000000E+00  0.000000E+00  0.399348E+05  0.502316E+00  0.761799E+06
  0.204428E+00  0.721333E+06  0.717157E+06  0.000000E+00  0.000000E+00  0.000000E+00  0.333755E+05  0.501918E+00  0.720616E+06
  0.211851E+00  0.678900E+06  0.674492E+06  0.000000E+00  0.000000E+00  0.000000E+00  0.278326E+05  0.501560E+00  0.678143E+06
  0.219274E+00  0.639139E+06  0.634546E+06  0.000000E+00  0.000000E+00  0.000000E+00  0.232830E+05  0.501241E+00  0.638351E+06
  0.232559E+00  0.583787E+06  0.579434E+06  0.000000E+00  0.000000E+00  0.000000E+00  0.173233E+05  0.500763E+00  0.583040E+06
  0.246650E+00  0.543733E+06  0.540184E+06  0.000000E+00  0.000000E+00  0.000000E+00  0.130899E+05  0.500340E+00  0.543124E+06
  0.261594E+00  0.504677E+06  0.501655E+06  0.000000E+00  0.000000E+00  0.000000E+00  0.982849E+04  0.499982E+00  0.504158E+06
  0.277443E+00  0.459123E+06  0.456088E+06  0.000000E+00  0.000000E+00  0.000000E+00  0.721112E+04  0.499668E+00  0.458602E+06
  0.294253E+00  0.417484E+06  0.414533E+06  0.000000E+00  0.000000E+00  0.000000E+00  0.527233E+04  0.499408E+00  0.416977E+06
  0.312081E+00  0.385584E+06  0.383060E+06  0.000000E+00  0.000000E+00  0.000000E+00  0.390257E+04  0.499197E+00  0.385151E+06
  0.330989E+00  0.354767E+06  0.352513E+06  0.000000E+00  0.000000E+00  0.000000E+00  0.287307E+04  0.499014E+00  0.354380E+06
  0.351043E+00  0.322591E+06  0.320405E+06  0.000000E+00  0.000000E+00  0.000000E+00  0.208964E+04  0.498858E+00  0.322216E+06
  0.372313E+00  0.295508E+06  0.293539E+06  0.000000E+00  0.000000E+00  0.000000E+00  0.152530E+04  0.498732E+00  0.295170E+06
  0.394870E+00  0.271156E+06  0.269398E+06  0.000000E+00  0.000000E+00  0.000000E+00  0.111566E+04  0.498633E+00  0.270854E+06
  0.418795E+00  0.247016E+06  0.245364E+06  0.000000E+00  0.000000E+00  0.000000E+00  0.806250E+03  0.498554E+00  0.246733E+06
  0.444169E+00  0.225963E+06  0.224475E+06  0.000000E+00  0.000000E+00  0.000000E+00  0.587465E+03  0.498485E+00  0.225708E+06
  0.619887E+00  0.134066E+06  0.133180E+06  0.000000E+00  0.000000E+00  0.000000E+00  0.934412E+02  0.498288E+00  0.133914E+06
  0.865122E+00  0.784306E+05  0.779133E+05  0.000000E+00  0.000000E+00  0.000000E+00  0.143108E+02  0.498232E+00  0.783418E+05
  0.120738E+01  0.453204E+05  0.450216E+05  0.000000E+00  0.000000E+00  0.000000E+00  0.222891E+01  0.498220E+00  0.452691E+05
  0.168503E+01  0.259137E+05  0.257429E+05  0.000000E+00  0.000000E+00  0.000000E+00  0.344828E+00  0.498213E+00  0.258844E+05
  0.235165E+01  0.146834E+05  0.145866E+05  0.000000E+00  0.000000E+00  0.000000E+00  0.481927E-01  0.498198E+00  0.146668E+05
  0.328199E+01  0.825488E+04  0.820047E+04  0.000000E+00  0.000000E+00  0.000000E+00  0.558415E-02  0.498196E+00  0.824554E+04
  0.458038E+01  0.460921E+04  0.457880E+04  0.000000E+00  0.000000E+00  0.000000E+00  0.598082E-03  0.498243E+00  0.460399E+04
  0.639244E+01  0.255825E+04  0.254135E+04  0.000000E+00  0.000000E+00  0.000000E+00  0.883332E-03  0.498174E+00  0.255535E+04
  0.892136E+01  0.141243E+04  0.140307E+04  0.000000E+00  0.000000E+00  0.000000E+00  0.265389E-03  0.498068E+00  0.141083E+04
  0.124508E+02  0.776177E+03  0.770998E+03  0.000000E+00  0.000000E+00  0.000000E+00  0.119815E-03  0.498500E+00  0.775288E+03
  0.173764E+02  0.424749E+03  0.421879E+03  0.000000E+00  0.000000E+00  0.000000E+00 -0.523038E-04  0.498807E+00  0.424256E+03
  0.242508E+02  0.231557E+03  0.229954E+03  0.000000E+00  0.000000E+00  0.000000E+00  0.888519E-04  0.498095E+00  0.231282E+03
  0.338447E+02  0.125794E+03  0.124882E+03  0.000000E+00  0.000000E+00  0.000000E+00  0.436474E-04  0.498924E+00  0.125638E+03
  0.472341E+02  0.681094E+02  0.675727E+02  0.000000E+00  0.000000E+00  0.000000E+00  0.109036E-04  0.501000E+00  0.680173E+02
  0.659205E+02  0.367510E+02  0.364164E+02  0.000000E+00  0.000000E+00  0.000000E+00 -0.767308E-06  0.502878E+00  0.366936E+02
  0.919994E+02  0.197548E+02  0.195281E+02  0.000000E+00  0.000000E+00  0.000000E+00  0.314028E-05  0.492449E+00  0.197159E+02
  0.128396E+03  0.105675E+02  0.103983E+02  0.000000E+00  0.000000E+00  0.000000E+00  0.283718E-05  0.501232E+00  0.105385E+02
  0.179190E+03  0.561418E+01  0.547626E+01  0.000000E+00  0.000000E+00  0.000000E+00 -0.119034E-05  0.489614E+00  0.559051E+01
  0.250080E+03  0.295166E+01  0.283298E+01  0.000000E+00  0.000000E+00  0.000000E+00  0.743211E-06  0.491371E+00  0.293130E+01
  0.349015E+03  0.152806E+01  0.142538E+01  0.000000E+00  0.000000E+00  0.000000E+00 -0.411559E-06  0.495504E+00  0.151044E+01
  0.487090E+03  0.775947E+00  0.691225E+00  0.000000E+00  0.000000E+00  0.000000E+00 -0.144469E-06  0.469708E+00  0.761409E+00
  0.679789E+03  0.388317E+00  0.323849E+00  0.000000E+00  0.000000E+00  0.000000E+00 -0.882364E-07  0.527956E+00  0.377255E+00
  0.948722E+03  0.194439E+00  0.148003E+00  0.000000E+00  0.000000E+00  0.000000E+00 -0.247642E-07  0.565174E+00  0.186471E+00
  0.132405E+04  0.980448E-01  0.655485E-01  0.000000E+00  0.000000E+00  0.000000E+00 -0.566148E-08  0.603840E+00  0.924688E-01
