  0.741840E-04  0.198556E+08  0.198556E+08  0.257720E+08  0.257709E+08  0.000000E+00  0.198556E+08  0.526050E+00  0.198556E+08
  0.122309E-03  0.198533E+08  0.198533E+08  0.246020E+08  0.245993E+08  0.000000E+00  0.198533E+08  0.526038E+00  0.198533E+08
  0.201653E-03  0.198471E+08  0.198471E+08  0.216631E+08  0.216562E+08  0.000000E+00  0.198471E+08  0.526006E+00  0.198471E+08
  0.332470E-03  0.198306E+08  0.198306E+08  0.152308E+08  0.152157E+08  0.000000E+00  0.198306E+08  0.525933E+00  0.198306E+08
  0.548150E-03  0.197886E+08  0.197886E+08  0.568690E+07  0.565890E+07  0.000000E+00  0.197886E+08  0.525798E+00  0.197886E+08
  0.903746E-03  0.196903E+08  0.196902E+08  0.114002E+07  0.108909E+07  0.000000E+00  0.196903E+08  0.525665E+00  0.196902E+08
  0.149002E-02  0.194812E+08  0.194810E+08  0.227974E+06  0.190351E+06  0.000000E+00  0.194812E+08  0.525608E+00  0.194812E+08
  0.245664E-02  0.190709E+08  0.190702E+08  0.000000E+00  0.000000E+00  0.000000E+00  0.190709E+08  0.525588E+00  0.190708E+08
  0.405031E-02  0.183232E+08  0.183214E+08  0.000000E+00  0.000000E+00  0.000000E+00  0.183232E+08  0.525578E+00  0.183230E+08
  0.458960E-02  0.180640E+08  0.180618E+08  0.000000E+00  0.000000E+00  0.000000E+00  0.180640E+08  0.525577E+00  0.180637E+08
  0.520070E-02  0.177702E+08  0.177673E+08  0.000000E+00  0.000000E+00  0.000000E+00  0.177702E+08  0.525576E+00  0.177698E+08
  0.589316E-02  0.174389E+08  0.174353E+08  0.000000E+00  0.000000E+00  0.000000E+00  0.174389E+08  0.525575E+00  0.174383E+08
  0.667783E-02  0.170672E+08  0.170626E+08  0.000000E+00  0.000000E+00  0.000000E+00  0.170672E+08  0.525574E+00  0.170665E+08
  0.756697E-02  0.166522E+08  0.166463E+08  0.000000E+00  0.000000E+00  0.000000E+00  0.166522E+08  0.525574E+00  0.166513E+08
  0.857450E-02  0.161910E+08  0.161837E+08  0.000000E+00  0.000000E+00  0.000000E+00  0.161910E+08  0.525573E+00  0.161898E+08
  0.971618E-02  0.156808E+08  0.156716E+08  0.000000E+00  0.000000E+00  0.000000E+00  0.156808E+08  0.525573E+00  0.156794E+08
  0.110099E-01  0.151188E+08  0.151074E+08  0.000000E+00  0.000000E+00  0.000000E+00  0.151188E+08  0.525573E+00  0.151170E+08
  0.124758E-01  0.145025E+08  0.144884E+08  0.000000E+00  0.000000E+00  0.000000E+00  0.145025E+08  0.525573E+00  0.145003E+08
  0.141370E-01  0.138296E+08  0.138122E+08  0.000000E+00  0.000000E+00  0.000000E+00  0.138296E+08  0.525572E+00  0.138268E+08
  0.160193E-01  0.130985E+08  0.130773E+08  0.000000E+00  0.000000E+00  0.000000E+00  0.130985E+08  0.525572E+00  0.130952E+08
  0.181522E-01  0.123093E+08  0.122839E+08  0.000000E+00  0.000000E+00  0.000000E+00  0.123093E+08  0.525572E+00  0.123053E+08
  0.205692E-01  0.114645E+08  0.114344E+08  0.000000E+00  0.000000E+00  0.000000E+00  0.114645E+08  0.525572E+00  0.114598E+08
  0.233079E-01  0.105707E+08  0.105357E+08  0.000000E+00  0.000000E+00  0.000000E+00  0.105707E+08  0.525572E+00  0.105652E+08
  0.264113E-01  0.964022E+07  0.960068E+07  0.000000E+00  0.000000E+00  0.000000E+00  0.964022E+07  0.525572E+00  0.963401E+07
  0.299280E-01  0.869367E+07  0.865044E+07  0.000000E+00  0.000000E+00  0.000000E+00  0.869367E+07  0.525572E+00  0.868688E+07
  0.339128E-01  0.776088E+07  0.771567E+07  0.000000E+00  0.000000E+00  0.000000E+00  0.776088E+07  0.525572E+00  0.775378E+07
  0.384283E-01  0.692579E+07  0.688115E+07  0.000000E+00  0.000000E+00  0.000000E+00  0.692579E+07  0.525572E+00  0.691878E+07
  0.435449E-01  0.613533E+07  0.609447E+07  0.000000E+00  0.000000E+00  0.000000E+00  0.613533E+07  0.525572E+00  0.612891E+07
  0.493429E-01  0.543718E+07  0.540325E+07  0.000000E+00  0.000000E+00  0.000000E+00  0.543718E+07  0.525572E+00  0.543184E+07
  0.559128E-01  0.489944E+07  0.487429E+07  0.000000E+00  0.000000E+00  0.000000E+00  0.489943E+07  0.525572E+00  0.489548E+07
  0.633575E-01  0.442152E+07  0.440445E+07  0.000000E+00  0.000000E+00  0.000000E+00  0.442152E+07  0.525572E+00  0.441884E+07
  0.707759E-01  0.399467E+07  0.398173E+07  0.000000E+00  0.000000E+00  0.000000E+00  0.399467E+07  0.525572E+00  0.399264E+07
  0.781943E-01  0.359898E+07  0.358637E+07  0.000000E+00  0.000000E+00  0.000000E+00  0.359898E+07  0.525572E+00  0.359700E+07
  0.856127E-01  0.320374E+07  0.318938E+07  0.000000E+00  0.000000E+00  0.000000E+00  0.320374E+07  0.525572E+00  0.320148E+07
  0.930311E-01  0.284737E+07  0.283130E+07  0.000000E+00  0.000000E+00  0.000000E+00  0.284737E+07  0.525572E+00  0.284484E+07
  0.100449E+00  0.255965E+07  0.254340E+07  0.000000E+00  0.000000E+00  0.000000E+00  0.255965E+07  0.525572E+00  0.255709E+07
  0.107868E+00  0.234450E+07  0.232990E+07  0.000000E+00  0.000000E+00  0.000000E+00  0.234450E+07  0.525572E+00  0.234220E+07
  0.115286E+00  0.218758E+07  0.217578E+07  0.000000E+00  0.000000E+00  0.000000E+00  0.218758E+07  0.525572E+00  0.218573E+07
  0.122705E+00  0.206420E+07  0.205516E+07  0.000000E+00  0.000000E+00  0.000000E+00  0.206420E+07  0.525572E+00  0.206278E+07
  0.130123E+00  0.194765E+07  0.194042E+07  0.000000E+00  0.000000E+00  0.000000E+00  0.194765E+07  0.525572E+00  0.194651E+07
  0.137541E+00  0.182332E+07  0.181664E+07  0.000000E+00  0.000000E+00  0.000000E+00  0.182332E+07  0.525572E+00  0.182227E+07
  0.144960E+00  0.169171E+07  0.168459E+07  0.000000E+00  0.000000E+00  0.000000E+00  0.169171E+07  0.525572E+00  0.169059E+07
  0.152378E+00  0.156177E+07  0.155393E+07  0.000000E+00  0.000000E+00  0.000000E+00  0.156177E+07  0.525572E+00  0.156054E+07
  0.159797E+00  0.144647E+07  0.143824E+07  0.000000E+00  0.000000E+00  0.000000E+00  0.144647E+07  0.525572E+00  0.144518E+07
  0.167215E+00  0.135449E+07  0.134653E+07  0.000000E+00  0.000000E+00  0.000000E+00  0.135449E+07  0.525572E+00  0.135324E+07
  0.174633E+00  0.128399E+07  0.127688E+07  0.000000E+00  0.000000E+00  0.000000E+00  0.128399E+07  0.525572E+00  0.128288E+07
  0.182052E+00  0.122769E+07  0.122166E+07  0.000000E+00  0.000000E+00  0.000000E+00  0.122769E+07  0.525572E+00  0.122674E+07
  0.189470E+00  0.117727E+07  0.117218E+07  0.000000E+00  0.000000E+00  0.000000E+00  0.117727E+07  0.525572E+00  0.117647E+07
  0.196889E+00  0.112515E+07  0.112058E+07  0.000000E+00  0.000000E+00  0.000000E+00  0.112515E+07  0.525572E+00  0.112443E+07
  0.204307E+00  0.106864E+07  0.106416E+07  0.000000E+00  0.000000E+00  0.000000E+00  0.106864E+07  0.525572E+00  0.106794E+07
  0.211725E+00  0.101014E+07  0.100550E+07  0.000000E+00  0.000000E+00  0.000000E+00  0.101014E+07  0.525572E+00  0.100941E+07
  0.219144E+00  0.953932E+06  0.949097E+06  0.000000E+00  0.000000E+00  0.000000E+00  0.953932E+06  0.525572E+00  0.953172E+06
  0.232421E+00  0.871260E+06  0.866558E+06  0.000000E+00  0.000000E+00  0.000000E+00  0.871260E+06  0.525572E+00  0.870521E+06
  0.246503E+00  0.808991E+06  0.805045E+06  0.000000E+00  0.000000E+00  0.000000E+00  0.808991E+06  0.525572E+00  0.808371E+06
  0.261438E+00  0.751973E+06  0.748656E+06  0.000000E+00  0.000000E+00  0.000000E+00  0.751973E+06  0.525572E+00  0.751452E+06
  0.277278E+00  0.687892E+06  0.684649E+06  0.000000E+00  0.000000E+00  0.000000E+00  0.687891E+06  0.525572E+00  0.687382E+06
  0.294078E+00  0.626395E+06  0.623200E+06  0.000000E+00  0.000000E+00  0.000000E+00  0.626395E+06  0.525572E+00  0.625893E+06
  0.311896E+00  0.577366E+06  0.574572E+06  0.000000E+00  0.000000E+00  0.000000E+00  0.577366E+06  0.525572E+00  0.576927E+06
  0.330793E+00  0.532386E+06  0.529926E+06  0.000000E+00  0.000000E+00  0.000000E+00  0.532386E+06  0.525572E+00  0.532000E+06
  0.350835E+00  0.485652E+06  0.483283E+06  0.000000E+00  0.000000E+00  0.000000E+00  0.485651E+06  0.525572E+00  0.485279E+06
  0.372092E+00  0.444551E+06  0.442382E+06  0.000000E+00  0.000000E+00  0.000000E+00  0.444550E+06  0.525572E+00  0.444210E+06
  0.394636E+00  0.408404E+06  0.406476E+06  0.000000E+00  0.000000E+00  0.000000E+00  0.408403E+06  0.525572E+00  0.408101E+06
  0.418546E+00  0.372833E+06  0.371027E+06  0.000000E+00  0.000000E+00  0.000000E+00  0.372832E+06  0.525572E+00  0.372549E+06
  0.443905E+00  0.341036E+06  0.339395E+06  0.000000E+00  0.000000E+00  0.000000E+00  0.341035E+06  0.525572E+00  0.340778E+06
  0.619519E+00  0.203476E+06  0.202499E+06  0.000000E+00  0.000000E+00  0.000000E+00  0.203475E+06  0.525572E+00  0.203322E+06
  0.864609E+00  0.119494E+06  0.118920E+06  0.000000E+00  0.000000E+00  0.000000E+00  0.119491E+06  0.525572E+00  0.119404E+06
  0.120666E+01  0.691652E+05  0.688332E+05  0.000000E+00  0.000000E+00  0.000000E+00  0.691598E+05  0.525572E+00  0.691126E+05
  0.168403E+01  0.393566E+05  0.391672E+05  0.000000E+00  0.000000E+00  0.000000E+00  0.393449E+05  0.525572E+00  0.393259E+05
  0.235025E+01  0.217080E+05  0.216026E+05  0.000000E+00  0.000000E+00  0.000000E+00  0.216846E+05  0.525570E+00  0.216894E+05
  0.328004E+01  0.113480E+05  0.112919E+05  0.000000E+00  0.000000E+00  0.000000E+00  0.113122E+05  0.525567E+00  0.113362E+05
  0.457766E+01  0.605960E+04  0.602905E+04  0.000000E+00  0.000000E+00  0.000000E+00  0.601119E+04  0.525552E+00  0.605072E+04
  0.638864E+01  0.318502E+04  0.316826E+04  0.000000E+00  0.000000E+00  0.000000E+00  0.311523E+04  0.525497E+00  0.317650E+04
  0.891607E+01  0.165646E+04  0.164727E+04  0.000000E+00  0.000000E+00  0.000000E+00  0.156271E+04  0.525304E+00  0.164712E+04
  0.124434E+02  0.859213E+03  0.854148E+03  0.000000E+00  0.000000E+00  0.000000E+00  0.743558E+03  0.524673E+00  0.848669E+03
  0.173661E+02  0.447043E+03  0.444240E+03  0.000000E+00  0.000000E+00  0.000000E+00  0.321516E+03  0.522890E+00  0.436022E+03
  0.242364E+02  0.234743E+03  0.233178E+03  0.000000E+00  0.000000E+00  0.000000E+00  0.118911E+03  0.518910E+00  0.224734E+03
  0.338246E+02  0.124710E+03  0.123820E+03  0.000000E+00  0.000000E+00  0.000000E+00  0.353706E+02  0.512582E+00  0.117040E+03
  0.472060E+02  0.668340E+02  0.663101E+02  0.000000E+00  0.000000E+00  0.000000E+00  0.824280E+01  0.505948E+00  0.618132E+02
  0.658813E+02  0.359306E+02  0.356039E+02  0.000000E+00  0.000000E+00  0.000000E+00  0.155585E+01  0.501357E+00  0.329819E+02
  0.919448E+02  0.192926E+02  0.190714E+02  0.000000E+00  0.000000E+00  0.000000E+00  0.253932E+00  0.499075E+00  0.176531E+02
  0.128319E+03  0.103174E+02  0.101522E+02  0.000000E+00  0.000000E+00  0.000000E+00  0.379894E-01  0.498164E+00  0.942499E+01
  0.179084E+03  0.548100E+01  0.534634E+01  0.000000E+00  0.000000E+00  0.000000E+00  0.542585E-02  0.497799E+00  0.499832E+01
  0.249932E+03  0.288166E+01  0.276577E+01  0.000000E+00  0.000000E+00  0.000000E+00  0.754492E-03  0.497554E+00  0.262063E+01
  0.348808E+03  0.149184E+01  0.139158E+01  0.000000E+00  0.000000E+00  0.000000E+00  0.102739E-03  0.497227E+00  0.135035E+01
  0.486801E+03  0.757570E+00  0.674841E+00  0.000000E+00  0.000000E+00  0.000000E+00  0.136040E-04  0.496678E+00  0.680719E+00
  0.679385E+03  0.379127E+00  0.316175E+00  0.000000E+00  0.000000E+00  0.000000E+00  0.181886E-05  0.495733E+00  0.337280E+00
  0.948159E+03  0.189841E+00  0.144497E+00  0.000000E+00  0.000000E+00  0.000000E+00  0.263511E-06  0.494121E+00  0.166715E+00
  0.132326E+04  0.957280E-01  0.639959E-01  0.000000E+00  0.000000E+00  0.000000E+00  0.990792E-08  0.491644E+00  0.826734E-01
