    0.999999974737875163555145263671875000000000E-04    0.424306579589843750000000000000000000000000E+03
    0.102020130725577473640441894531250000000000E-03    0.432570129394531250000000000000000000000000E+03
    0.104081082099582999944686889648437500000000E-03    0.440994476318359375000000000000000000000000E+03
    0.106183659227099269628524780273437500000000E-03    0.449582672119140625000000000000000000000000E+03
    0.108328706119209527969360351562500000000000E-03    0.458337951660156250000000000000000000000000E+03
    0.110517095890827476978302001953125000000000E-03    0.467263488769531250000000000000000000000000E+03
    0.112749679828993976116180419921875000000000E-03    0.476362640380859375000000000000000000000000E+03
    0.115027374704368412494659423828125000000000E-03    0.485638732910156250000000000000000000000000E+03
    0.117351090011652559041976928710937500000000E-03    0.495095214843750000000000000000000000000000E+03
    0.119721727969590574502944946289062500000000E-03    0.504735534667968750000000000000000000000000E+03
    0.122140278108417987823486328125000000000000E-03    0.514563293457031250000000000000000000000000E+03
    0.124607671750709414482116699218750000000000E-03    0.524582092285156250000000000000000000000000E+03
    0.127124920254573225975036621093750000000000E-03    0.534795593261718750000000000000000000000000E+03
    0.129692998598329722881317138671875000000000E-03    0.545207580566406250000000000000000000000000E+03
    0.132312969071790575981140136718750000000000E-03    0.555821960449218750000000000000000000000000E+03
    0.134985879412852227687835693359375000000000E-03    0.566642517089843750000000000000000000000000E+03
    0.137712777359411120414733886718750000000000E-03    0.577673339843750000000000000000000000000000E+03
    0.140494754305109381675720214843750000000000E-03    0.588918395996093750000000000000000000000000E+03
    0.143332930747419595718383789062500000000000E-03    0.600381835937500000000000000000000000000000E+03
    0.146228456287644803524017333984375000000000E-03    0.612067932128906250000000000000000000000000E+03
    0.149182465975172817707061767578125000000000E-03    0.623980895996093750000000000000000000000000E+03
    0.152196153067052364349365234375000000000000E-03    0.636125122070312500000000000000000000000000E+03
    0.155270710820332169532775878906250000000000E-03    0.648505126953125000000000000000000000000000E+03
    0.158407390699721872806549072265625000000000E-03    0.661125366210937500000000000000000000000000E+03
    0.161607444169931113719940185546875000000000E-03    0.673990539550781250000000000000000000000000E+03
    0.164872122695669531822204589843750000000000E-03    0.687105346679687500000000000000000000000000E+03
    0.168202750501222908496856689453125000000000E-03    0.700474548339843750000000000000000000000000E+03
    0.171600666362792253494262695312500000000000E-03    0.714103088378906250000000000000000000000000E+03
    0.175067238160409033298492431640625000000000E-03    0.727995910644531250000000000000000000000000E+03
    0.178603833774104714393615722656250000000000E-03    0.742158203125000000000000000000000000000000E+03
    0.182211864739656448364257812500000000000000E-03    0.756595031738281250000000000000000000000000E+03
    0.185892800800502300262451171875000000000000E-03    0.771311706542968750000000000000000000000000E+03
    0.189648068044334650039672851562500000000000E-03    0.786313598632812500000000000000000000000000E+03
    0.193479223526082932949066162109375000000000E-03    0.801606262207031250000000000000000000000000E+03
    0.197387780644930899143218994140625000000000E-03    0.817195190429687500000000000000000000000000E+03
    0.201375267351977527141571044921875000000000E-03    0.833086181640625000000000000000000000000000E+03
    0.205443298909813165664672851562500000000000E-03    0.849284912109375000000000000000000000000000E+03
    0.209593548788689076900482177734375000000000E-03    0.865797302246093750000000000000000000000000E+03
    0.213827603147365152835845947265625000000000E-03    0.882629333496093750000000000000000000000000E+03
    0.218147222767584025859832763671875000000000E-03    0.899787109375000000000000000000000000000000E+03
    0.222554081119596958160400390625000000000000E-03    0.917276733398437500000000000000000000000000E+03
    0.227049968088977038860321044921875000000000E-03    0.935104553222656250000000000000000000000000E+03
    0.231636688113212585449218750000000000000000E-03    0.953277038574218750000000000000000000000000E+03
    0.236316060181707143783569335937500000000000E-03    0.971800659179687500000000000000000000000000E+03
    0.241089961491525173187255859375000000000000E-03    0.990682067871093750000000000000000000000000E+03
    0.245960312895476818084716796875000000000000E-03    0.100992810058593750000000000000000000000000E+04
    0.250929006142541766166687011718750000000000E-03    0.102954565429687500000000000000000000000000E+04
    0.255998136708512902259826660156250000000000E-03    0.104954162597656250000000000000000000000000E+04
    0.261169654550030827522277832031250000000000E-03    0.106992333984375000000000000000000000000000E+04
    0.266445596935227513313293457031250000000000E-03    0.109069799804687500000000000000000000000000E+04
    0.271828175755217671394348144531250000000000E-03    0.111187316894531250000000000000000000000000E+04
    0.277319486485794186592102050781250000000000E-03    0.113345617675781250000000000000000000000000E+04
    0.282921682810410857200622558593750000000000E-03    0.115545483398437500000000000000000000000000E+04
    0.288637093035504221916198730468750000000000E-03    0.117787695312500000000000000000000000000000E+04
    0.294467929052188992500305175781250000000000E-03    0.120073046875000000000000000000000000000000E+04
    0.300416606478393077850341796875000000000000E-03    0.122402355957031250000000000000000000000000E+04
    0.306485395412892103195190429687500000000000E-03    0.124776452636718750000000000000000000000000E+04
    0.312676827888935804367065429687500000000000E-03    0.127196166992187500000000000000000000000000E+04
    0.318993290420621633529663085937500000000000E-03    0.129662377929687500000000000000000000000000E+04
    0.325437402352690696716308593750000000000000E-03    0.132175927734375000000000000000000000000000E+04
    0.332011666614562273025512695312500000000000E-03    0.134737719726562500000000000000000000000000E+04
    0.338718760758638381958007812500000000000000E-03    0.137348657226562500000000000000000000000000E+04
    0.345561362337321043014526367187500000000000E-03    0.140009643554687500000000000000000000000000E+04
    0.352542119799181818962097167968750000000000E-03    0.142721606445312500000000000000000000000000E+04
    0.359663943527266383171081542968750000000000E-03    0.145485473632812500000000000000000000000000E+04
    0.366929627489298582077026367187500000000000E-03    0.148302209472656250000000000000000000000000E+04
    0.374342111172154545783996582031250000000000E-03    0.151172766113281250000000000000000000000000E+04
    0.381904304958879947662353515625000000000000E-03    0.154098132324218750000000000000000000000000E+04
    0.389619322959333658218383789062500000000000E-03    0.157079309082031250000000000000000000000000E+04
    0.397490162868052721023559570312500000000000E-03    0.160117321777343750000000000000000000000000E+04
    0.405519997002556920051574707031250000000000E-03    0.163213208007812500000000000000000000000000E+04
    0.413712026784196496009826660156250000000000E-03    0.166367993164062500000000000000000000000000E+04
    0.422069540945813059806823730468750000000000E-03    0.169582775878906250000000000000000000000000E+04
    0.430595915531739592552185058593750000000000E-03    0.172858630371093750000000000000000000000000E+04
    0.439294555690139532089233398437500000000000E-03    0.176196667480468750000000000000000000000000E+04
    0.448168895673006772994995117187500000000000E-03    0.179597998046875000000000000000000000000000E+04
    0.457222486147657036781311035156250000000000E-03    0.183063769531250000000000000000000000000000E+04
    0.466458965092897415161132812500000000000000E-03    0.186595141601562500000000000000000000000000E+04
    0.475882086902856826782226562500000000000000E-03    0.190193298339843750000000000000000000000000E+04
    0.485495547764003276824951171875000000000000E-03    0.193859436035156250000000000000000000000000E+04
    0.495303189381957054138183593750000000000000E-03    0.197594763183593750000000000000000000000000E+04
    0.505309028085321187973022460937500000000000E-03    0.201400537109375000000000000000000000000000E+04
    0.515516963787376880645751953125000000000000E-03    0.205277978515625000000000000000000000000000E+04
    0.525931071024388074874877929687500000000000E-03    0.209228417968750000000000000000000000000000E+04
    0.536555540747940540313720703125000000000000E-03    0.213253100585937500000000000000000000000000E+04
    0.547394680324941873550415039062500000000000E-03    0.217353369140625000000000000000000000000000E+04
    0.558452797122299671173095703125000000000000E-03    0.221530566406250000000000000000000000000000E+04
    0.569734314922243356704711914062500000000000E-03    0.225786010742187500000000000000000000000000E+04
    0.581243715714663267135620117187500000000000E-03    0.230121044921875000000000000000000000000000E+04
    0.592985597904771566390991210937500000000000E-03    0.234537060546875000000000000000000000000000E+04
    0.604964734520763158798217773437500000000000E-03    0.239035424804687500000000000000000000000000E+04
    0.617185782175511121749877929687500000000000E-03    0.243617553710937500000000000000000000000000E+04
    0.629653746727854013442993164062500000000000E-03    0.248284863281250000000000000000000000000000E+04
    0.642373692244291305541992187500000000000000E-03    0.253038769531250000000000000000000000000000E+04
    0.655350449960678815841674804687500000000000E-03    0.257880786132812500000000000000000000000000E+04
    0.668589433189481496810913085937500000000000E-03    0.262812377929687500000000000000000000000000E+04
    0.682095822412520647048950195312500000000000E-03    0.267835009765625000000000000000000000000000E+04
    0.695875030942261219024658203125000000000000E-03    0.272950268554687500000000000000000000000000E+04
    0.709932646714150905609130859375000000000000E-03    0.278159667968750000000000000000000000000000E+04
    0.724274199455976486206054687500000000000000E-03    0.283464746093750000000000000000000000000000E+04
    0.738905626349151134490966796875000000000000E-03    0.288867138671875000000000000000000000000000E+04
    0.753832457121461629867553710937500000000000E-03    0.294368432617187500000000000000000000000000E+04
    0.769060861784964799880981445312500000000000E-03    0.299970214843750000000000000000000000000000E+04
    0.784596893936395645141601562500000000000000E-03    0.305674194335937500000000000000000000000000E+04
    0.800446781795471906661987304687500000000000E-03    0.311482006835937500000000000000000000000000E+04
    0.816616869997233152389526367187500000000000E-03    0.317395336914062500000000000000000000000000E+04
    0.833113677799701690673828125000000000000000E-03    0.323415893554687500000000000000000000000000E+04
    0.849943608045578002929687500000000000000000E-03    0.329545434570312500000000000000000000000000E+04
    0.867113587446510791778564453125000000000000E-03    0.335785693359375000000000000000000000000000E+04
    0.884630659129470586776733398437500000000000E-03    0.342138452148437500000000000000000000000000E+04
    0.902501342352479696273803710937500000000000E-03    0.348605493164062500000000000000000000000000E+04
    0.920733029488474130630493164062500000000000E-03    0.355188623046875000000000000000000000000000E+04
    0.939333112910389900207519531250000000000000E-03    0.361889599609375000000000000000000000000000E+04
    0.958308868575841188430786132812500000000000E-03    0.368710180664062500000000000000000000000000E+04
    0.977667979896068572998046875000000000000000E-03    0.375652148437500000000000000000000000000000E+04
    0.997418188489973545074462890625000000000000E-03    0.382717236328125000000000000000000000000000E+04
    0.101756735239177942276000976562500000000000E-02    0.389907275390625000000000000000000000000000E+04
    0.103812362067401409149169921875000000000000E-02    0.397224072265625000000000000000000000000000E+04
    0.105909502599388360977172851562500000000000E-02    0.404669409179687500000000000000000000000000E+04
    0.108049006666988134384155273437500000000000E-02    0.412245166015625000000000000000000000000000E+04
    0.110231747385114431381225585937500000000000E-02    0.419953125000000000000000000000000000000000E+04
    0.112458574585616588592529296875000000000000E-02    0.427795166015625000000000000000000000000000E+04
    0.114730407949537038803100585937500000000000E-02    0.435773144531250000000000000000000000000000E+04
    0.117048120591789484024047851562500000000000E-02    0.443888916015625000000000000000000000000000E+04
    0.119412643834948539733886718750000000000000E-02    0.452144384765625000000000000000000000000000E+04
    0.121824943926185369491577148437500000000000E-02    0.460541406250000000000000000000000000000000E+04
    0.124285963829606771469116210937500000000000E-02    0.469081933593750000000000000000000000000000E+04
    0.126796704716980457305908203125000000000000E-02    0.477767871093750000000000000000000000000000E+04
    0.129358167760074138641357421875000000000000E-02    0.486601025390625000000000000000000000000000E+04
    0.131971365772187709808349609375000000000000E-02    0.495583447265625000000000000000000000000000E+04
    0.134637358132749795913696289062500000000000E-02    0.504716943359375000000000000000000000000000E+04
    0.137357215862721204757690429687500000000000E-02    0.514003564453125000000000000000000000000000E+04
    0.140132009983062744140625000000000000000000E-02    0.523445117187500000000000000000000000000000E+04
    0.142962858080863952636718750000000000000000E-02    0.533043603515625000000000000000000000000000E+04
    0.145850901026278734207153320312500000000000E-02    0.542800976562500000000000000000000000000000E+04
    0.148797314614057540893554687500000000000000E-02    0.552719189453125000000000000000000000000000E+04
    0.151803228072822093963623046875000000000000E-02    0.562800097656250000000000000000000000000000E+04
    0.154869852121919393539428710937500000000000E-02    0.573045507812500000000000000000000000000000E+04
    0.157998420763760805130004882812500000000000E-02    0.583457031250000000000000000000000000000000E+04
    0.161190202925354242324829101562500000000000E-02    0.594036425781250000000000000000000000000000E+04
    0.164446467533707618713378906250000000000000E-02    0.604785302734375000000000000000000000000000E+04
    0.167768495157361030578613281250000000000000E-02    0.615705224609375000000000000000000000000000E+04
    0.171157636214047670364379882812500000000000E-02    0.626797851562500000000000000000000000000000E+04
    0.174615241121500730514526367187500000000000E-02    0.638064794921875000000000000000000000000000E+04
    0.178142695222049951553344726562500000000000E-02    0.649507470703125000000000000000000000000000E+04
    0.181741418782621622085571289062500000000000E-02    0.661127490234375000000000000000000000000000E+04
    0.185412843711674213409423828125000000000000E-02    0.672926318359375000000000000000000000000000E+04
    0.189158413559198379516601562500000000000000E-02    0.684905371093750000000000000000000000000000E+04
    0.192979711573570966720581054687500000000000E-02    0.697066113281250000000000000000000000000000E+04
    0.196878169663250446319580078125000000000000E-02    0.709409814453125000000000000000000000000000E+04
    0.200855359435081481933593750000000000000000E-02    0.721937890625000000000000000000000000000000E+04
    0.204912899062037467956542968750000000000000E-02    0.734651660156250000000000000000000000000000E+04
    0.209052418358623981475830078125000000000000E-02    0.747552246093750000000000000000000000000000E+04
    0.213275570422410964965820312500000000000000E-02    0.760640966796875000000000000000000000000000E+04
    0.217583985067903995513916015625000000000000E-02    0.773918945312500000000000000000000000000000E+04
    0.221979478374123573303222656250000000000000E-02    0.787387207031250000000000000000000000000000E+04
    0.226463773287832736968994140625000000000000E-02    0.801046875000000000000000000000000000000000E+04
    0.231038639321923255920410156250000000000000E-02    0.814898925781250000000000000000000000000000E+04
    0.235705915838479995727539062500000000000000E-02    0.828944238281250000000000000000000000000000E+04
    0.240467488765716552734375000000000000000000E-02    0.843183789062500000000000000000000000000000E+04
    0.245325244031846523284912109375000000000000E-02    0.857618261718750000000000000000000000000000E+04
    0.250281183980405330657958984375000000000000E-02    0.872248437500000000000000000000000000000000E+04
    0.255337217822670936584472656250000000000000E-02    0.887074414062500000000000000000000000000000E+04
    0.260495371185243129730224609375000000000000E-02    0.902096386718750000000000000000000000000000E+04
    0.265757716260850429534912109375000000000000E-02    0.917314160156250000000000000000000000000000E+04
    0.271126371808350086212158203125000000000000E-02    0.932727539062500000000000000000000000000000E+04
    0.276603479869663715362548828125000000000000E-02    0.948336230468750000000000000000000000000000E+04
    0.282191229052841663360595703125000000000000E-02    0.964139648437500000000000000000000000000000E+04
    0.287891877815127372741699218750000000000000E-02    0.980137402343750000000000000000000000000000E+04
    0.293707661330699920654296875000000000000000E-02    0.996328613281250000000000000000000000000000E+04
    0.299640954472124576568603515625000000000000E-02    0.101271250000000000000000000000000000000000E+05
    0.305694085545837879180908203125000000000000E-02    0.102928808593750000000000000000000000000000E+05
    0.311869522556662559509277343750000000000000E-02    0.104605419921875000000000000000000000000000E+05
    0.318169780075550079345703125000000000000000E-02    0.106300966796875000000000000000000000000000E+05
    0.324597232975065708160400390625000000000000E-02    0.108015292968750000000000000000000000000000E+05
    0.331154512241482734680175781250000000000000E-02    0.109748242187500000000000000000000000000000E+05
    0.337844272144138813018798828125000000000000E-02    0.111499648437500000000000000000000000000000E+05
    0.344669190235435962677001953125000000000000E-02    0.113269316406250000000000000000000000000000E+05
    0.351631967350840568542480468750000000000000E-02    0.115057031250000000000000000000000000000000E+05
    0.358735374175012111663818359375000000000000E-02    0.116862587890625000000000000000000000000000E+05
    0.365982321090996265411376953125000000000000E-02    0.118685732421875000000000000000000000000000E+05
    0.373375625349581241607666015625000000000000E-02    0.120526201171875000000000000000000000000000E+05
    0.380918313749134540557861328125000000000000E-02    0.122383720703125000000000000000000000000000E+05
    0.388613343238830566406250000000000000000000E-02    0.124258007812500000000000000000000000000000E+05
    0.396463880315423011779785156250000000000000E-02    0.126148730468750000000000000000000000000000E+05
    0.404472928494215011596679687500000000000000E-02    0.128055556640625000000000000000000000000000E+05
    0.412643933668732643127441406250000000000000E-02    0.129978134765625000000000000000000000000000E+05
    0.420979922637343406677246093750000000000000E-02    0.131915996093750000000000000000000000000000E+05
    0.429484248161315917968750000000000000000000E-02    0.133868642578125000000000000000000000000000E+05
    0.438160402700304985046386718750000000000000E-02    0.135835546875000000000000000000000000000000E+05
    0.447011832147836685180664062500000000000000E-02    0.137816152343750000000000000000000000000000E+05
    0.456042028963565826416015625000000000000000E-02    0.139809873046875000000000000000000000000000E+05
    0.465254718437790870666503906250000000000000E-02    0.141816103515625000000000000000000000000000E+05
    0.474653439596295356750488281250000000000000E-02    0.143834179687500000000000000000000000000000E+05
    0.484242103993892669677734375000000000000000E-02    0.145863437500000000000000000000000000000000E+05
    0.494024436920881271362304687500000000000000E-02    0.147903144531250000000000000000000000000000E+05
    0.504004349932074546813964843750000000000000E-02    0.149952558593750000000000000000000000000000E+05
    0.514185894280672073364257812500000000000000E-02    0.152010908203125000000000000000000000000000E+05
    0.524573167786002159118652343750000000000000E-02    0.154077392578125000000000000000000000000000E+05
    0.535170361399650573730468750000000000000000E-02    0.156151162109375000000000000000000000000000E+05
    0.545981479808688163757324218750000000000000E-02    0.158231289062500000000000000000000000000000E+05
    0.557011039927601814270019531250000000000000E-02    0.160316855468750000000000000000000000000000E+05
    0.568263372406363487243652343750000000000000E-02    0.162406884765625000000000000000000000000000E+05
    0.579743087291717529296875000000000000000000E-02    0.164500351562500000000000000000000000000000E+05
    0.591454654932022094726562500000000000000000E-02    0.166596250000000000000000000000000000000000E+05
    0.603402825072407722473144531250000000000000E-02    0.168693457031250000000000000000000000000000E+05
    0.615592347458004951477050781250000000000000E-02    0.170790742187500000000000000000000000000000E+05
    0.628028111532330513000488281250000000000000E-02    0.172886855468750000000000000000000000000000E+05
    0.640715099871158599853515625000000000000000E-02    0.174980488281250000000000000000000000000000E+05
    0.653658434748649597167968750000000000000000E-02    0.177070273437500000000000000000000000000000E+05
    0.666863145306706428527832031250000000000000E-02    0.179154863281250000000000000000000000000000E+05
    0.680334679782390594482421875000000000000000E-02    0.181232792968750000000000000000000000000000E+05
    0.694078346714377403259277343750000000000000E-02    0.183302519531250000000000000000000000000000E+05
    0.708099640905857086181640625000000000000000E-02    0.185362402343750000000000000000000000000000E+05
    0.722404150292277336120605468750000000000000E-02    0.187410781250000000000000000000000000000000E+05
    0.736997742205858230590820312500000000000000E-02    0.189445976562500000000000000000000000000000E+05
    0.751886051148176193237304687500000000000000E-02    0.191466191406250000000000000000000000000000E+05
    0.767075084149837493896484375000000000000000E-02    0.193469667968750000000000000000000000000000E+05
    0.782571360468864440917968750000000000000000E-02    0.195454472656250000000000000000000000000000E+05
    0.798380374908447265625000000000000000000000E-02    0.197418574218750000000000000000000000000000E+05
    0.814508739858865737915039062500000000000000E-02    0.199359843750000000000000000000000000000000E+05
    0.830962881445884704589843750000000000000000E-02    0.201276210937500000000000000000000000000000E+05
    0.847749505192041397094726562500000000000000E-02    0.203165507812500000000000000000000000000000E+05
    0.864875130355358123779296875000000000000000E-02    0.205025527343750000000000000000000000000000E+05
    0.882346741855144500732421875000000000000000E-02    0.206853925781250000000000000000000000000000E+05
    0.900171231478452682495117187500000000000000E-02    0.208648105468750000000000000000000000000000E+05
    0.918355956673622131347656250000000000000000E-02    0.210405429687500000000000000000000000000000E+05
    0.936907902359962463378906250000000000000000E-02    0.212123281250000000000000000000000000000000E+05
    0.955834705382585525512695312500000000000000E-02    0.213798945312500000000000000000000000000000E+05
    0.975143909454345703125000000000000000000000E-02    0.215429707031250000000000000000000000000000E+05
    0.994843058288097381591796875000000000000000E-02    0.217012734375000000000000000000000000000000E+05
    0.101494016125798225402832031250000000000000E-01    0.218544902343750000000000000000000000000000E+05
    0.103544332087039947509765625000000000000000E-01    0.220023066406250000000000000000000000000000E+05
    0.105636063963174819946289062500000000000000E-01    0.221443984375000000000000000000000000000000E+05
    0.107770059257745742797851562500000000000000E-01    0.222804472656250000000000000000000000000000E+05
    0.109947146847844123840332031250000000000000E-01    0.224101328125000000000000000000000000000000E+05
    0.112168220803141593933105468750000000000000E-01    0.225331289062500000000000000000000000000000E+05
    0.114434175193309783935546875000000000000000E-01    0.226490625000000000000000000000000000000000E+05
    0.116745894774794578552246093750000000000000E-01    0.227575527343750000000000000000000000000000E+05
    0.119104310870170593261718750000000000000000E-01    0.228582187500000000000000000000000000000000E+05
    0.121510382741689682006835937500000000000000E-01    0.229506835937500000000000000000000000000000E+05
    0.123965051025152206420898437500000000000000E-01    0.230345703125000000000000000000000000000000E+05
    0.126469302922487258911132812500000000000000E-01    0.231095097656250000000000000000000000000000E+05
    0.129024153575301170349121093750000000000000E-01    0.231750996093750000000000000000000000000000E+05
    0.131630674004554748535156250000000000000000E-01    0.232309121093750000000000000000000000000000E+05
    0.134289795532822608947753906250000000000000E-01    0.232765371093750000000000000000000000000000E+05
    0.137002617120742797851562500000000000000000E-01    0.233115703125000000000000000000000000000000E+05
    0.139770256355404853820800781250000000000000E-01    0.233356152343750000000000000000000000000000E+05
    0.142593793570995330810546875000000000000000E-01    0.233482988281250000000000000000000000000000E+05
    0.145474374294281005859375000000000000000000E-01    0.233492187500000000000000000000000000000000E+05
    0.148413162678480148315429687500000000000000E-01    0.233379570312500000000000000000000000000000E+05
    0.151411294937133789062500000000000000000000E-01    0.233141035156250000000000000000000000000000E+05
    0.154470009729266166687011718750000000000000E-01    0.232772753906250000000000000000000000000000E+05
    0.157590489834547042846679687500000000000000E-01    0.232271132812500000000000000000000000000000E+05
    0.160774048417806625366210937500000000000000E-01    0.231632812500000000000000000000000000000000E+05
    0.164021886885166168212890625000000000000000E-01    0.230854628906250000000000000000000000000000E+05
    0.167335346341133117675781250000000000000000E-01    0.229933574218750000000000000000000000000000E+05
    0.170715730637311935424804687500000000000000E-01    0.228866835937500000000000000000000000000000E+05
    0.174164418131113052368164062500000000000000E-01    0.227652070312500000000000000000000000000000E+05
    0.177682787179946899414062500000000000000000E-01    0.226287226562500000000000000000000000000000E+05
    0.181272197514772415161132812500000000000000E-01    0.224770664062500000000000000000000000000000E+05
    0.184934139251708984375000000000000000000000E-01    0.223101328125000000000000000000000000000000E+05
    0.188670046627521514892578125000000000000000E-01    0.221279335937500000000000000000000000000000E+05
    0.192481447011232376098632812500000000000000E-01    0.219305468750000000000000000000000000000000E+05
    0.196369830518960952758789062500000000000000E-01    0.217180878906250000000000000000000000000000E+05
    0.200336743146181106567382812500000000000000E-01    0.214907226562500000000000000000000000000000E+05
    0.204383805394172668457031250000000000000000E-01    0.212486542968750000000000000000000000000000E+05
    0.208512637764215469360351562500000000000000E-01    0.209921445312500000000000000000000000000000E+05
    0.212724860757589340209960937500000000000000E-01    0.207216289062500000000000000000000000000000E+05
    0.217022281140089035034179687500000000000000E-01    0.204376699218750000000000000000000000000000E+05
    0.221406426280736923217773437500000000000000E-01    0.201408632812500000000000000000000000000000E+05
    0.225879121571779251098632812500000000000000E-01    0.198318242187500000000000000000000000000000E+05
    0.230442192405462265014648437500000000000000E-01    0.195111992187500000000000000000000000000000E+05
    0.235097426921129226684570312500000000000000E-01    0.191796562500000000000000000000000000000000E+05
    0.239846706390380859375000000000000000000000E-01    0.188381875000000000000000000000000000000000E+05
    0.244691912084817886352539062500000000000000E-01    0.184881640625000000000000000000000000000000E+05
    0.249635018408298492431640625000000000000000E-01    0.181309355468750000000000000000000000000000E+05
    0.254677981138229370117187500000000000000000E-01    0.177678085937500000000000000000000000000000E+05
    0.259822811931371688842773437500000000000000E-01    0.174000390625000000000000000000000000000000E+05
    0.265071578323841094970703125000000000000000E-01    0.170288281250000000000000000000000000000000E+05
    0.270426385104656219482421875000000000000000E-01    0.166551406250000000000000000000000000000000E+05
    0.275889337062835693359375000000000000000000E-01    0.162794648437500000000000000000000000000000E+05
    0.281462669372558593750000000000000000000000E-01    0.159022099609375000000000000000000000000000E+05
    0.287148579955101013183593750000000000000000E-01    0.155237919921875000000000000000000000000000E+05
    0.292949359863996505737304687500000000000000E-01    0.151446201171875000000000000000000000000000E+05
    0.298867337405681610107421875000000000000000E-01    0.147651074218750000000000000000000000000000E+05
    0.304904840886592864990234375000000000000000E-01    0.143859746093750000000000000000000000000000E+05
    0.311064328998327255249023437500000000000000E-01    0.140095449218750000000000000000000000000000E+05
    0.317348241806030273437500000000000000000000E-01    0.136384697265625000000000000000000000000000E+05
    0.323759093880653381347656250000000000000000E-01    0.132751318359375000000000000000000000000000E+05
    0.330299474298954010009765625000000000000000E-01    0.129216621093750000000000000000000000000000E+05
    0.336971953511238098144531250000000000000000E-01    0.125799511718750000000000000000000000000000E+05
    0.343779213726520538330078125000000000000000E-01    0.122514814453125000000000000000000000000000E+05
    0.350724011659622192382812500000000000000000E-01    0.119352568359375000000000000000000000000000E+05
    0.357809104025363922119140625000000000000000E-01    0.116288535156250000000000000000000000000000E+05
    0.365037508308887481689453125000000000000000E-01    0.113300390625000000000000000000000000000000E+05
    0.372411720454692840576171875000000000000000E-01    0.110367871093750000000000000000000000000000E+05
    0.379934944212436676025390625000000000000000E-01    0.107472685546875000000000000000000000000000E+05
    0.387610122561454772949218750000000000000000E-01    0.104598720703125000000000000000000000000000E+05
    0.395440347492694854736328125000000000000000E-01    0.101743496093750000000000000000000000000000E+05
    0.403428785502910614013671875000000000000000E-01    0.989198242187500000000000000000000000000000E+04
    0.411578565835952758789062500000000000000000E-01    0.961402441406250000000000000000000000000000E+04
    0.419893004000186920166015625000000000000000E-01    0.934159472656250000000000000000000000000000E+04
    0.428375415503978729248046875000000000000000E-01    0.907568652343750000000000000000000000000000E+04
    0.437029153108596801757812500000000000000000E-01    0.881717578125000000000000000000000000000000E+04
    0.445857718586921691894531250000000000000000E-01    0.856713085937500000000000000000000000000000E+04
    0.454864650964736938476562500000000000000000E-01    0.832724902343750000000000000000000000000000E+04
    0.464053489267826080322265625000000000000000E-01    0.809913574218750000000000000000000000000000E+04
    0.473427996039390563964843750000000000000000E-01    0.788419775390625000000000000000000000000000E+04
    0.482991859316825866699218750000000000000000E-01    0.768366943359375000000000000000000000000000E+04
    0.492748916149139404296875000000000000000000E-01    0.749864648437500000000000000000000000000000E+04
    0.502703115344047546386718750000000000000000E-01    0.732966552734375000000000000000000000000000E+04
    0.512858368456363677978515625000000000000000E-01    0.717485009765625000000000000000000000000000E+04
    0.523218810558319091796875000000000000000000E-01    0.703171142578125000000000000000000000000000E+04
    0.533788502216339111328125000000000000000000E-01    0.689796484375000000000000000000000000000000E+04
    0.544571764767169952392578125000000000000000E-01    0.677149755859375000000000000000000000000000E+04
    0.555572807788848876953125000000000000000000E-01    0.665034960937500000000000000000000000000000E+04
    0.566796138882637023925781250000000000000000E-01    0.653272021484375000000000000000000000000000E+04
    0.578246153891086578369140625000000000000000E-01    0.641725097656250000000000000000000000000000E+04
    0.589927472174167633056640625000000000000000E-01    0.630288525390625000000000000000000000000000E+04
    0.601844787597656250000000000000000000000000E-01    0.618864404296875000000000000000000000000000E+04
    0.614003166556358337402343750000000000000000E-01    0.607362011718750000000000000000000000000000E+04
    0.626406818628311157226562500000000000000000E-01    0.595697998046875000000000000000000000000000E+04
    0.639061108231544494628906250000000000000000E-01    0.583797314453125000000000000000000000000000E+04
    0.651970952749252319335937500000000000000000E-01    0.571634863281250000000000000000000000000000E+04
    0.665141642093658447265625000000000000000000E-01    0.559242822265625000000000000000000000000000E+04
    0.678578317165374755859375000000000000000000E-01    0.546656591796875000000000000000000000000000E+04
    0.692286565899848937988281250000000000000000E-01    0.533910449218750000000000000000000000000000E+04
    0.706271678209304809570312500000000000000000E-01    0.521037841796875000000000000000000000000000E+04
    0.720539242029190063476562500000000000000000E-01    0.508047802734375000000000000000000000000000E+04
    0.735095068812370300292968750000000000000000E-01    0.494814941406250000000000000000000000000000E+04
    0.749944970011711120605468750000000000000000E-01    0.481180517578125000000000000000000000000000E+04
    0.765094906091690063476562500000000000000000E-01    0.467007861328125000000000000000000000000000E+04
    0.780550837516784667968750000000000000000000E-01    0.452184228515625000000000000000000000000000E+04
    0.796318948268890380859375000000000000000000E-01    0.436659326171875000000000000000000000000000E+04
    0.812405645847320556640625000000000000000000E-01    0.420610791015625000000000000000000000000000E+04
    0.828817337751388549804687500000000000000000E-01    0.404276245117187500000000000000000000000000E+04
    0.845560505986213684082031250000000000000000E-01    0.387869873046875000000000000000000000000000E+04
    0.862641930580139160156250000000000000000000E-01    0.371581689453125000000000000000000000000000E+04
    0.880068466067314147949218750000000000000000E-01    0.355599096679687500000000000000000000000000E+04
    0.897847041487693786621093750000000000000000E-01    0.340112841796875000000000000000000000000000E+04
    0.915984734892845153808593750000000000000000E-01    0.325283959960937500000000000000000000000000E+04
    0.934488773345947265625000000000000000000000E-01    0.311243798828125000000000000000000000000000E+04
    0.953366756439208984375000000000000000000000E-01    0.298093872070312500000000000000000000000000E+04
    0.972625985741615295410156250000000000000000E-01    0.285905957031250000000000000000000000000000E+04
    0.992274358868598937988281250000000000000000E-01    0.274734326171875000000000000000000000000000E+04
    0.101232007145881652832031250000000000000000E+00    0.264620214843750000000000000000000000000000E+04
    0.103277020156383514404296875000000000000000E+00    0.255564331054687500000000000000000000000000E+04
    0.105363354086875915527343750000000000000000E+00    0.247521533203125000000000000000000000000000E+04
    0.107491828501224517822265625000000000000000E+00    0.240449291992187500000000000000000000000000E+04
    0.109663315117359161376953125000000000000000E+00    0.234300561523437500000000000000000000000000E+04
    0.111878655850887298583984375000000000000000E+00    0.228954150390625000000000000000000000000000E+04
    0.114138752222061157226562500000000000000000E+00    0.224266577148437500000000000000000000000000E+04
    0.116444505751132965087890625000000000000000E+00    0.220106103515625000000000000000000000000000E+04
    0.118796832859516143798828125000000000000000E+00    0.216292407226562500000000000000000000000000E+04
    0.121196687221527099609375000000000000000000E+00    0.212594604492187500000000000000000000000000E+04
    0.123645029962062835693359375000000000000000E+00    0.208794482421875000000000000000000000000000E+04
    0.126142814755439758300781250000000000000000E+00    0.204702844238281250000000000000000000000000E+04
    0.128691077232360839843750000000000000000000E+00    0.200166125488281250000000000000000000000000E+04
    0.131290808320045471191406250000000000000000E+00    0.195051745605468750000000000000000000000000E+04
    0.133943051099777221679687500000000000000000E+00    0.189304504394531250000000000000000000000000E+04
    0.136648878455162048339843750000000000000000E+00    0.182954443359375000000000000000000000000000E+04
    0.139409363269805908203125000000000000000000E+00    0.176050451660156250000000000000000000000000E+04
    0.142225623130798339843750000000000000000000E+00    0.168709326171875000000000000000000000000000E+04
    0.145098760724067687988281250000000000000000E+00    0.161083105468750000000000000000000000000000E+04
    0.148029953241348266601562500000000000000000E+00    0.153339392089843750000000000000000000000000E+04
    0.151020348072052001953125000000000000000000E+00    0.145726770019531250000000000000000000000000E+04
    0.154071167111396789550781250000000000000000E+00    0.138474902343750000000000000000000000000000E+04
    0.157183602452278137207031250000000000000000E+00    0.131786523437500000000000000000000000000000E+04
    0.160358920693397521972656250000000000000000E+00    0.125839025878906250000000000000000000000000E+04
    0.163598373532295227050781250000000000000000E+00    0.120728869628906250000000000000000000000000E+04
    0.166903272271156311035156250000000000000000E+00    0.116417724609375000000000000000000000000000E+04
    0.170275032520294189453125000000000000000000E+00    0.112842419433593750000000000000000000000000E+04
    0.173714801669120788574218750000000000000000E+00    0.109869592285156250000000000000000000000000E+04
    0.177224084734916687011718750000000000000000E+00    0.107351110839843750000000000000000000000000E+04
    0.180804237723350524902343750000000000000000E+00    0.105113684082031250000000000000000000000000E+04
    0.184456720948219299316406250000000000000000E+00    0.102973315429687500000000000000000000000000E+04
    0.188182994723320007324218750000000000000000E+00    0.100726269531250000000000000000000000000000E+04
    0.191984534263610839843750000000000000000000E+00    0.981681823730468750000000000000000000000000E+03
    0.195862874388694763183593750000000000000000E+00    0.951875366210937500000000000000000000000000E+03
    0.199819564819335937500000000000000000000000E+00    0.917517822265625000000000000000000000000000E+03
    0.203856185078620910644531250000000000000000E+00    0.879412353515625000000000000000000000000000E+03
    0.207974359393119812011718750000000000000000E+00    0.838958557128906250000000000000000000000000E+03
    0.212175697088241577148437500000000000000000E+00    0.797838989257812500000000000000000000000000E+03
    0.216461926698684692382812500000000000000000E+00    0.757865966796875000000000000000000000000000E+03
    0.220834761857986450195312500000000000000000E+00    0.721210876464843750000000000000000000000000E+03
    0.225295916199684143066406250000000000000000E+00    0.689119018554687500000000000000000000000000E+03
    0.229847192764282226562500000000000000000000E+00    0.661705932617187500000000000000000000000000E+03
    0.234490394592285156250000000000000000000000E+00    0.638980651855468750000000000000000000000000E+03
    0.239227414131164550781250000000000000000000E+00    0.620134887695312500000000000000000000000000E+03
    0.244060128927230834960937500000000000000000E+00    0.603455932617187500000000000000000000000000E+03
    0.248990446329116821289062500000000000000000E+00    0.587364929199218750000000000000000000000000E+03
    0.254020392894744873046875000000000000000000E+00    0.570579162597656250000000000000000000000000E+03
    0.259151935577392578125000000000000000000000E+00    0.552102478027343750000000000000000000000000E+03
    0.264387160539627075195312500000000000000000E+00    0.531155090332031250000000000000000000000000E+03
    0.269728124141693115234375000000000000000000E+00    0.508215820312500000000000000000000000000000E+03
    0.275177001953125000000000000000000000000000E+00    0.484708496093750000000000000000000000000000E+03
    0.280736058950424194335937500000000000000000E+00    0.461876190185546875000000000000000000000000E+03
    0.286407291889190673828125000000000000000000E+00    0.440661834716796875000000000000000000000000E+03
    0.292193114757537841796875000000000000000000E+00    0.421770202636718750000000000000000000000000E+03
    0.298095792531967163085937500000000000000000E+00    0.405696624755859375000000000000000000000000E+03
    0.304117560386657714843750000000000000000000E+00    0.391865844726562500000000000000000000000000E+03
    0.310261309146881103515625000000000000000000E+00    0.379130676269531250000000000000000000000000E+03
    0.316528826951980590820312500000000000000000E+00    0.366510528564453125000000000000000000000000E+03
    0.322923272848129272460937500000000000000000E+00    0.353475708007812500000000000000000000000000E+03
    0.329446613788604736328125000000000000000000E+00    0.339757019042968750000000000000000000000000E+03
    0.336102008819580078125000000000000000000000E+00    0.325237060546875000000000000000000000000000E+03
    0.342891573905944824218750000000000000000000E+00    0.310572967529296875000000000000000000000000E+03
    0.349818587303161621093750000000000000000000E+00    0.296668670654296875000000000000000000000000E+03
    0.356885224580764770507812500000000000000000E+00    0.284173065185546875000000000000000000000000E+03
    0.364094972610473632812500000000000000000000E+00    0.272951171875000000000000000000000000000000E+03
    0.371450334787368774414062500000000000000000E+00    0.262614196777343750000000000000000000000000E+03
    0.378953933715820312500000000000000000000000E+00    0.252819610595703125000000000000000000000000E+03
    0.386609494686126708984375000000000000000000E+00    0.243236953735351562500000000000000000000000E+03
    0.394419312477111816406250000000000000000000E+00    0.233571502685546875000000000000000000000000E+03
    0.402387291193008422851562500000000000000000E+00    0.223676879882812500000000000000000000000000E+03
    0.410515844821929931640625000000000000000000E+00    0.213892288208007812500000000000000000000000E+03
    0.418809026479721069335937500000000000000000E+00    0.204633758544921875000000000000000000000000E+03
    0.427269339561462402343750000000000000000000E+00    0.196151397705078125000000000000000000000000E+03
    0.435900926589965820312500000000000000000000E+00    0.188286361694335937500000000000000000000000E+03
    0.444706469774246215820312500000000000000000E+00    0.180813827514648437500000000000000000000000E+03
    0.453690379858016967773437500000000000000000E+00    0.173575866699218750000000000000000000000000E+03
    0.462855309247970581054687500000000000000000E+00    0.166549758911132812500000000000000000000000E+03
    0.472205787897109985351562500000000000000000E+00    0.159738174438476562500000000000000000000000E+03
    0.481744766235351562500000000000000000000000E+00    0.153142807006835937500000000000000000000000E+03
    0.491476893424987792968750000000000000000000E+00    0.146764389038085937500000000000000000000000E+03
    0.501405119895935058593750000000000000000000E+00    0.140602813720703125000000000000000000000000E+03
    0.511534392833709716796875000000000000000000E+00    0.134657226562500000000000000000000000000000E+03
    0.521867811679840087890625000000000000000000E+00    0.128926071166992187500000000000000000000000E+03
    0.532410502433776855468750000000000000000000E+00    0.123407135009765625000000000000000000000000E+03
    0.543165624141693115234375000000000000000000E+00    0.118097671508789062500000000000000000000000E+03
    0.554138541221618652343750000000000000000000E+00    0.112994422912597656250000000000000000000000E+03
    0.565332591533660888671875000000000000000000E+00    0.108093696594238281250000000000000000000000E+03
    0.576753377914428710937500000000000000000000E+00    0.103391403198242187500000000000000000000000E+03
    0.588404297828674316406250000000000000000000E+00    0.988831558227539062500000000000000000000000E+02
    0.600291073322296142578125000000000000000000E+00    0.945642700195312500000000000000000000000000E+02
    0.612418055534362792968750000000000000000000E+00    0.904298400878906250000000000000000000000000E+02
    0.624789416790008544921875000000000000000000E+00    0.864747467041015625000000000000000000000000E+02
    0.637411236763000488281250000000000000000000E+00    0.826924667358398437500000000000000000000000E+02
    0.650287508964538574218750000000000000000000E+00    0.790749969482421875000000000000000000000000E+02
    0.663424491882324218750000000000000000000000E+00    0.756146469116210937500000000000000000000000E+02
    0.676826238632202148437500000000000000000000E+00    0.723041229248046875000000000000000000000000E+02
    0.690499365329742431640625000000000000000000E+00    0.691365203857421875000000000000000000000000E+02
    0.704448044300079345703125000000000000000000E+00    0.661052780151367187500000000000000000000000E+02
    0.718679130077362060546875000000000000000000E+00    0.632041893005371093750000000000000000000000E+02
    0.733197033405303955078125000000000000000000E+00    0.604273567199707031250000000000000000000000E+02
    0.748008966445922851562500000000000000000000E+00    0.577691802978515625000000000000000000000000E+02
    0.763119339942932128906250000000000000000000E+00    0.552243499755859375000000000000000000000000E+02
    0.778535783290863037109375000000000000000000E+00    0.527878189086914062500000000000000000000000E+02
    0.794262826442718505859375000000000000000000E+00    0.504547882080078125000000000000000000000000E+02
    0.810308396816253662109375000000000000000000E+00    0.482207031250000000000000000000000000000000E+02
    0.826677322387695312500000000000000000000000E+00    0.460812339782714843750000000000000000000000E+02
    0.843377590179443359375000000000000000000000E+00    0.440322532653808593750000000000000000000000E+02
    0.860414624214172363281250000000000000000000E+00    0.420698471069335937500000000000000000000000E+02
    0.877796530723571777343750000000000000000000E+00    0.401903038024902343750000000000000000000000E+02
    0.895528674125671386718750000000000000000000E+00    0.383903274536132812500000000000000000000000E+02
    0.913619995117187500000000000000000000000000E+00    0.366668663024902343750000000000000000000000E+02
    0.932075977325439453125000000000000000000000E+00    0.350169639587402343750000000000000000000000E+02
    0.950905561447143554687500000000000000000000E+00    0.334377632141113281250000000000000000000000E+02
    0.970114648342132568359375000000000000000000E+00    0.319264926910400390625000000000000000000000E+02
    0.989712655544281005859375000000000000000000E+00    0.304804763793945312500000000000000000000000E+02
    0.100970673561096191406250000000000000000000E+01    0.290971317291259765625000000000000000000000E+02
    0.103010356426239013671875000000000000000000E+01    0.277739543914794921875000000000000000000000E+02
    0.105091357231140136718750000000000000000000E+01    0.265085296630859375000000000000000000000000E+02
    0.107214283943176269531250000000000000000000E+01    0.252985305786132812500000000000000000000000E+02
    0.109380209445953369140625000000000000000000E+01    0.241417026519775390625000000000000000000000E+02
    0.111589777469635009765625000000000000000000E+01    0.230358772277832031250000000000000000000000E+02
    0.113844096660614013671875000000000000000000E+01    0.219789600372314453125000000000000000000000E+02
    0.116143846511840820312500000000000000000000E+01    0.209689331054687500000000000000000000000000E+02
    0.118490159511566162109375000000000000000000E+01    0.200038509368896484375000000000000000000000E+02
    0.120883750915527343750000000000000000000000E+01    0.190818424224853515625000000000000000000000E+02
    0.123325824737548828125000000000000000000000E+01    0.182010879516601562500000000000000000000000E+02
    0.125817120075225830078125000000000000000000E+01    0.173598117828369140625000000000000000000000E+02
    0.128358840942382812500000000000000000000000E+01    0.165563011169433593750000000000000000000000E+02
    0.130951797962188720703125000000000000000000E+01    0.157889137268066406250000000000000000000000E+02
    0.133597266674041748046875000000000000000000E+01    0.150560770034790039062500000000000000000000E+02
    0.136296045780181884765625000000000000000000E+01    0.143562850952148437500000000000000000000000E+02
    0.139049470424652099609375000000000000000000E+01    0.136880950927734375000000000000000000000000E+02
    0.141858386993408203125000000000000000000000E+01    0.130501251220703125000000000000000000000000E+02
    0.144724178314208984375000000000000000000000E+01    0.124410505294799804687500000000000000000000E+02
    0.147647726535797119140625000000000000000000E+01    0.118596048355102539062500000000000000000000E+02
    0.150630474090576171875000000000000000000000E+01    0.113045711517333984375000000000000000000000E+02
    0.153673338890075683593750000000000000000000E+01    0.107747898101806640625000000000000000000000E+02
    0.156777822971343994140625000000000000000000E+01    0.102691450119018554687500000000000000000000E+02
    0.159944856166839599609375000000000000000000E+01    0.978657245635986328125000000000000000000000E+01
    0.163176035881042480468750000000000000000000E+01    0.932605075836181640625000000000000000000000E+01
    0.166472315788269042968750000000000000000000E+01    0.888660335540771484375000000000000000000000E+01
    0.169835364818572998046875000000000000000000E+01    0.846729564666748046875000000000000000000000E+01
    0.173266339302062988281250000000000000000000E+01    0.806723403930664062500000000000000000000000E+01
    0.176766479015350341796875000000000000000000E+01    0.768556642532348632812500000000000000000000E+01
    0.180337476730346679687500000000000000000000E+01    0.732147693634033203125000000000000000000000E+01
    0.183980441093444824218750000000000000000000E+01    0.697418403625488281250000000000000000000000E+01
    0.187697184085845947265625000000000000000000E+01    0.664293909072875976562500000000000000000000E+01
    0.191488826274871826171875000000000000000000E+01    0.632702541351318359375000000000000000000000E+01
    0.195357239246368408203125000000000000000000E+01    0.602575778961181640625000000000000000000000E+01
    0.199303627014160156250000000000000000000000E+01    0.573847913742065429687500000000000000000000E+01
    0.203329920768737792968750000000000000000000E+01    0.546456098556518554687500000000000000000000E+01
    0.207437348365783691406250000000000000000000E+01    0.520340204238891601562500000000000000000000E+01
    0.211627960205078125000000000000000000000000E+01    0.495442676544189453125000000000000000000000E+01
    0.215903019905090332031250000000000000000000E+01    0.471708440780639648437500000000000000000000E+01
    0.220264649391174316406250000000000000000000E+01    0.449084806442260742187500000000000000000000E+01
    0.224714183807373046875000000000000000000000E+01    0.427521419525146484375000000000000000000000E+01
    0.229253816604614257812500000000000000000000E+01    0.406970071792602539062500000000000000000000E+01
    0.233884930610656738281250000000000000000000E+01    0.387384700775146484375000000000000000000000E+01
    0.238609838485717773437500000000000000000000E+01    0.368721199035644531250000000000000000000000E+01
    0.243429946899414062500000000000000000000000E+01    0.350937390327453613281250000000000000000000E+01
    0.248347663879394531250000000000000000000000E+01    0.333992862701416015625000000000000000000000E+01
    0.253364515304565429687500000000000000000000E+01    0.317849087715148925781250000000000000000000E+01
    0.258482933044433593750000000000000000000000E+01    0.302469205856323242187500000000000000000000E+01
    0.263704490661621093750000000000000000000000E+01    0.287817978858947753906250000000000000000000E+01
    0.269031810760498046875000000000000000000000E+01    0.273861765861511230468750000000000000000000E+01
    0.274466466903686523437500000000000000000000E+01    0.260568451881408691406250000000000000000000E+01
    0.280011177062988281250000000000000000000000E+01    0.247907304763793945312500000000000000000000E+01
    0.285667920112609863281250000000000000000000E+01    0.235849046707153320312500000000000000000000E+01
    0.291438651084899902343750000000000000000000E+01    0.224365639686584472656250000000000000000000E+01
    0.297326231002807617187500000000000000000000E+01    0.213430356979370117187500000000000000000000E+01
    0.303332471847534179687500000000000000000000E+01    0.203017663955688476562500000000000000000000E+01
    0.309460353851318359375000000000000000000000E+01    0.193103182315826416015625000000000000000000E+01
    0.315711688995361328125000000000000000000000E+01    0.183663630485534667968750000000000000000000E+01
    0.322089648246765136718750000000000000000000E+01    0.174676799774169921875000000000000000000000E+01
    0.328596115112304687500000000000000000000000E+01    0.166121470928192138671875000000000000000000E+01
    0.335234355926513671875000000000000000000000E+01    0.157977414131164550781250000000000000000000E+01
    0.342006349563598632812500000000000000000000E+01    0.150225293636322021484375000000000000000000E+01
    0.348915529251098632812500000000000000000000E+01    0.142846655845642089843750000000000000000000E+01
    0.355963897705078125000000000000000000000000E+01    0.135823929309844970703125000000000000000000E+01
    0.363155031204223632812500000000000000000000E+01    0.129140293598175048828125000000000000000000E+01
    0.370491051673889160156250000000000000000000E+01    0.122779762744903564453125000000000000000000E+01
    0.377975654602050781250000000000000000000000E+01    0.116727018356323242187500000000000000000000E+01
    0.385611033439636230468750000000000000000000E+01    0.110967516899108886718750000000000000000000E+01
    0.393401122093200683593750000000000000000000E+01    0.105487322807312011718750000000000000000000E+01
    0.401348161697387695312500000000000000000000E+01    0.100273180007934570312500000000000000000000E+01
    0.409456062316894531250000000000000000000000E+01    0.953124523162841796875000000000000000000000E+00
    0.417727470397949218750000000000000000000000E+01    0.905930638313293457031250000000000000000000E+00
    0.426166296005249023437500000000000000000000E+01    0.861035168170928955078125000000000000000000E+00
    0.434775209426879882812500000000000000000000E+01    0.818328380584716796875000000000000000000000E+00
    0.443558454513549804687500000000000000000000E+01    0.777705669403076171875000000000000000000000E+00
    0.452518701553344726562500000000000000000000E+01    0.739067375659942626953125000000000000000000E+00
    0.461660432815551757812500000000000000000000E+01    0.702318489551544189453125000000000000000000E+00
    0.470986795425415039062500000000000000000000E+01    0.667368292808532714843750000000000000000000E+00
    0.480501127243041992187500000000000000000000E+01    0.634130418300628662109375000000000000000000E+00
    0.490208053588867187500000000000000000000000E+01    0.602522552013397216796875000000000000000000E+00
    0.500110673904418945312500000000000000000000E+01    0.572466194629669189453125000000000000000000E+00
    0.510213851928710937500000000000000000000000E+01    0.543886542320251464843750000000000000000000E+00
    0.520520591735839843750000000000000000000000E+01    0.516712427139282226562500000000000000000000E+00
    0.531036043167114257812500000000000000000000E+01    0.490875840187072753906250000000000000000000E+00
    0.541763401031494140625000000000000000000000E+01    0.466312170028686523437500000000000000000000E+00
    0.552708053588867187500000000000000000000000E+01    0.442959785461425781250000000000000000000000E+00
    0.563873195648193359375000000000000000000000E+01    0.420760035514831542968750000000000000000000E+00
    0.575264453887939453125000000000000000000000E+01    0.399656951427459716796875000000000000000000E+00
    0.586885261535644531250000000000000000000000E+01    0.379597276449203491210937500000000000000000E+00
    0.598741388320922851562500000000000000000000E+01    0.360530346632003784179687500000000000000000E+00
    0.610836458206176757812500000000000000000000E+01    0.342407822608947753906250000000000000000000E+00
    0.623176479339599609375000000000000000000000E+01    0.325183689594268798828125000000000000000000E+00
    0.635765171051025390625000000000000000000000E+01    0.308814197778701782226562500000000000000000E+00
    0.648608779907226562500000000000000000000000E+01    0.293257564306259155273437500000000000000000E+00
    0.661711215972900390625000000000000000000000E+01    0.278474092483520507812500000000000000000000E+00
    0.675078964233398437500000000000000000000000E+01    0.264425992965698242187500000000000000000000E+00
    0.688716173171997070312500000000000000000000E+01    0.251077234745025634765625000000000000000000E+00
    0.702629423141479492187500000000000000000000E+01    0.238393545150756835937500000000000000000000E+00
    0.716823101043701171875000000000000000000000E+01    0.226342290639877319335937500000000000000000E+00
    0.731304264068603515625000000000000000000000E+01    0.214892446994781494140625000000000000000000E+00
    0.746077251434326171875000000000000000000000E+01    0.204014420509338378906250000000000000000000E+00
    0.761149358749389648437500000000000000000000E+01    0.193680107593536376953125000000000000000000E+00
    0.776525211334228515625000000000000000000000E+01    0.183862730860710144042968750000000000000000E+00
    0.792212390899658203125000000000000000000000E+01    0.174536809325218200683593750000000000000000E+00
    0.808216571807861328125000000000000000000000E+01    0.165678098797798156738281250000000000000000E+00
    0.824543190002441406250000000000000000000000E+01    0.157263547182083129882812500000000000000000E+00
    0.841200447082519531250000000000000000000000E+01    0.149271190166473388671875000000000000000000E+00
    0.858193302154541015625000000000000000000000E+01    0.141680166125297546386718750000000000000000E+00
    0.875530433654785156250000000000000000000000E+01    0.134470582008361816406250000000000000000000E+00
    0.893216896057128906250000000000000000000000E+01    0.127623572945594787597656250000000000000000E+00
    0.911261463165283203125000000000000000000000E+01    0.121121123433113098144531250000000000000000E+00
    0.929669761657714843750000000000000000000000E+01    0.114946149289608001708984375000000000000000E+00
    0.948450660705566406250000000000000000000000E+01    0.109082378447055816650390625000000000000000E+00
    0.967610168457031250000000000000000000000000E+01    0.103514321148395538330078125000000000000000E+00
    0.987157726287841796875000000000000000000000E+01    0.982272699475288391113281250000000000000000E-01
    0.100709915161132812500000000000000000000000E+02    0.932072326540946960449218750000000000000000E-01
    0.102744436264038085937500000000000000000000E+02    0.884408876299858093261718750000000000000000E-01
    0.104819955825805664062500000000000000000000E+02    0.839155763387680053710937500000000000000000E-01
    0.106937503814697265625000000000000000000000E+02    0.796192809939384460449218750000000000000000E-01
    0.109097728729248046875000000000000000000000E+02    0.755405500531196594238281250000000000000000E-01
    0.111301708221435546875000000000000000000000E+02    0.716685056686401367187500000000000000000000E-01
    0.113550090789794921875000000000000000000000E+02    0.679927989840507507324218750000000000000000E-01
    0.115844011306762695312500000000000000000000E+02    0.645036026835441589355468750000000000000000E-01
    0.118184156417846679687500000000000000000000E+02    0.611915737390518188476562500000000000000000E-01
    0.120571689605712890625000000000000000000000E+02    0.580478198826313018798828125000000000000000E-01
    0.123007345199584960937500000000000000000000E+02    0.550638958811759948730468750000000000000000E-01
    0.125492305755615234375000000000000000000000E+02    0.522317774593830108642578125000000000000000E-01
    0.128027353286743164062500000000000000000000E+02    0.495438314974308013916015625000000000000000E-01
    0.130613737106323242187500000000000000000000E+02    0.469928048551082611083984375000000000000000E-01
    0.133252372741699218750000000000000000000000E+02    0.445718057453632354736328125000000000000000E-01
    0.135944185256958007812500000000000000000000E+02    0.422742813825607299804687500000000000000000E-01
    0.138690500259399414062500000000000000000000E+02    0.400940068066120147705078125000000000000000E-01
    0.141492166519165039062500000000000000000000E+02    0.380250662565231323242187500000000000000000E-01
    0.144350557327270507812500000000000000000000E+02    0.360618457198143005371093750000000000000000E-01
    0.147266559600830078125000000000000000000000E+02    0.341989956796169281005859375000000000000000E-01
    0.150241622924804687500000000000000000000000E+02    0.324314422905445098876953125000000000000000E-01
    0.153276624679565429687500000000000000000000E+02    0.307543706148862838745117187500000000000000E-01
    0.156373090744018554687500000000000000000000E+02    0.291631966829299926757812500000000000000000E-01
    0.159531946182250976562500000000000000000000E+02    0.276535693556070327758789062500000000000000E-01
    0.162754783630371093750000000000000000000000E+02    0.262213535606861114501953125000000000000000E-01
    0.166042575836181640625000000000000000000000E+02    0.248626247048377990722656250000000000000000E-01
    0.169396934509277343750000000000000000000000E+02    0.235736519098281860351562500000000000000000E-01
    0.172818889617919921875000000000000000000000E+02    0.223508924245834350585937500000000000000000E-01
    0.176310138702392578125000000000000000000000E+02    0.211909804493188858032226562500000000000000E-01
    0.179871768951416015625000000000000000000000E+02    0.200907178223133087158203125000000000000000E-01
    0.183505496978759765625000000000000000000000E+02    0.190470684319734573364257812500000000000000E-01
    0.187212448120117187500000000000000000000000E+02    0.180571470409631729125976562500000000000000E-01
    0.190994472503662109375000000000000000000000E+02    0.171182174235582351684570312500000000000000E-01
    0.194852733612060546875000000000000000000000E+02    0.162276774644851684570312500000000000000000E-01
    0.198789100646972656250000000000000000000000E+02    0.153830572962760925292968750000000000000000E-01
    0.202804813385009765625000000000000000000000E+02    0.145820118486881256103515625000000000000000E-01
    0.206901836395263671875000000000000000000000E+02    0.138223161920905113220214843750000000000000E-01
    0.211081428527832031250000000000000000000000E+02    0.131018552929162979125976562500000000000000E-01
    0.215345649719238281250000000000000000000000E+02    0.124186230823397636413574218750000000000000E-01
    0.219696025848388671875000000000000000000000E+02    0.117707131430506706237792968750000000000000E-01
    0.224134063720703125000000000000000000000000E+02    0.111563177779316902160644531250000000000000E-01
    0.228661975860595703125000000000000000000000E+02    0.105737186968326568603515625000000000000000E-01
    0.233281154632568359375000000000000000000000E+02    0.100212870165705680847167968750000000000000E-01
    0.237993831634521484375000000000000000000000E+02    0.949747394770383834838867187500000000000000E-02
    0.242801532745361328125000000000000000000000E+02    0.900081172585487365722656250000000000000000E-02
    0.247706546783447265625000000000000000000000E+02    0.852990616112947463989257812500000000000000E-02
    0.252710437774658203125000000000000000000000E+02    0.808343291282653808593750000000000000000000E-02
    0.257815628051757812500000000000000000000000E+02    0.766013516113162040710449218750000000000000E-02
    0.263023719787597656250000000000000000000000E+02    0.725882174447178840637207031250000000000000E-02
    0.268337268829345703125000000000000000000000E+02    0.687836064025759696960449218750000000000000E-02
    0.273757934570312500000000000000000000000000E+02    0.651767756789922714233398437500000000000000E-02
    0.279288311004638671875000000000000000000000E+02    0.617575412616133689880371093750000000000000E-02
    0.284930171966552734375000000000000000000000E+02    0.585162267088890075683593750000000000000000E-02
    0.290686283111572265625000000000000000000000E+02    0.554436538368463516235351562500000000000000E-02
    0.296558399200439453125000000000000000000000E+02    0.525311194360256195068359375000000000000000E-02
    0.302549400329589843750000000000000000000000E+02    0.497703580185770988464355468750000000000000E-02
    0.308661155700683593750000000000000000000000E+02    0.471535278484225273132324218750000000000000E-02
    0.314896678924560546875000000000000000000000E+02    0.446731923148036003112792968750000000000000E-02
    0.321257820129394531250000000000000000000000E+02    0.423222919926047325134277343750000000000000E-02
    0.327747840881347656250000000000000000000000E+02    0.400941260159015655517578125000000000000000E-02
    0.334368629455566406250000000000000000000000E+02    0.379823474213480949401855468750000000000000E-02
    0.341123466491699218750000000000000000000000E+02    0.359809258952736854553222656250000000000000E-02
    0.348014411926269531250000000000000000000000E+02    0.340841384604573249816894531250000000000000E-02
    0.355044975280761718750000000000000000000000E+02    0.322865624912083148956298828125000000000000E-02
    0.362217178344726562500000000000000000000000E+02    0.305830454453825950622558593750000000000000E-02
    0.369534606933593750000000000000000000000000E+02    0.289687071926891803741455078125000000000000E-02
    0.376999855041503906250000000000000000000000E+02    0.274389120750129222869873046875000000000000E-02
    0.384615592956542968750000000000000000000000E+02    0.259892665781080722808837890625000000000000E-02
    0.392385520935058593750000000000000000000000E+02    0.246156076900660991668701171875000000000000E-02
    0.400312004089355468750000000000000000000000E+02    0.233139819465577602386474609375000000000000E-02
    0.408399047851562500000000000000000000000000E+02    0.220806407742202281951904296875000000000000E-02
    0.416649055480957031250000000000000000000000E+02    0.209120311774313449859619140625000000000000E-02
    0.425066108703613281250000000000000000000000E+02    0.198047794401645660400390625000000000000000E-02
    0.433652801513671875000000000000000000000000E+02    0.187556934542953968048095703125000000000000E-02
    0.442413406372070312500000000000000000000000E+02    0.177617382723838090896606445312500000000000E-02
    0.451350479125976562500000000000000000000000E+02    0.168200407642871141433715820312500000000000E-02
    0.460468597412109375000000000000000000000000E+02    0.159278744831681251525878906250000000000000E-02
    0.469770469665527343750000000000000000000000E+02    0.150826561730355024337768554687500000000000E-02
    0.479260635375976562500000000000000000000000E+02    0.142819317989051342010498046875000000000000E-02
    0.488942108154296875000000000000000000000000E+02    0.135233788751065731048583984375000000000000E-02
    0.498819656372070312500000000000000000000000E+02    0.128047913312911987304687500000000000000000E-02
    0.508896217346191406250000000000000000000000E+02    0.121240783482789993286132812500000000000000E-02
    0.519176826477050781250000000000000000000000E+02    0.114792573731392621994018554687500000000000E-02
    0.529664611816406250000000000000000000000000E+02    0.108684517908841371536254882812500000000000E-02
    0.540364799499511718750000000000000000000000E+02    0.102898781187832355499267578125000000000000E-02
    0.551280593872070312500000000000000000000000E+02    0.974184891674667596817016601562500000000000E-03
    0.562417488098144531250000000000000000000000E+02    0.922276405617594718933105468750000000000000E-03
    0.573778800964355468750000000000000000000000E+02    0.873110548127442598342895507812500000000000E-03
    0.585370178222656250000000000000000000000000E+02    0.826543546281754970550537109375000000000000E-03
    0.597195167541503906250000000000000000000000E+02    0.782439077738672494888305664062500000000000E-03
    0.609259529113769531250000000000000000000000E+02    0.740667921490967273712158203125000000000000E-03
    0.621567726135253906250000000000000000000000E+02    0.701107550412416458129882812500000000000000E-03
    0.634123916625976562500000000000000000000000E+02    0.663641898427158594131469726562500000000000E-03
    0.646934356689453125000000000000000000000000E+02    0.628160894848406314849853515625000000000000E-03
    0.660002975463867187500000000000000000000000E+02    0.594560231547802686691284179687500000000000E-03
    0.673336257934570312500000000000000000000000E+02    0.562741071917116641998291015625000000000000E-03
    0.686938171386718750000000000000000000000000E+02    0.532609526999294757843017578125000000000000E-03
    0.700815582275390625000000000000000000000000E+02    0.504076655488461256027221679687500000000000E-03
    0.714972610473632812500000000000000000000000E+02    0.477058230899274349212646484375000000000000E-03
    0.729416351318359375000000000000000000000000E+02    0.451474421424791216850280761718750000000000E-03
    0.744151153564453125000000000000000000000000E+02    0.427249557105824351310729980468750000000000E-03
    0.759184341430664062500000000000000000000000E+02    0.404311984311789274215698242187500000000000E-03
    0.774520568847656250000000000000000000000000E+02    0.382593774702399969100952148437500000000000E-03
    0.790167236328125000000000000000000000000000E+02    0.362030608812347054481506347656250000000000E-03
    0.806129302978515625000000000000000000000000E+02    0.342561514116823673248291015625000000000000E-03
    0.822414550781250000000000000000000000000000E+02    0.324128690408542752265930175781250000000000E-03
    0.839028015136718750000000000000000000000000E+02    0.306677480693906545639038085937500000000000E-03
    0.855977935791015625000000000000000000000000E+02    0.290155992843210697174072265625000000000000E-03
    0.873269348144531250000000000000000000000000E+02    0.274515099590644240379333496093750000000000E-03
    0.890910949707031250000000000000000000000000E+02    0.259708234807476401329040527343750000000000E-03
    0.908908081054687500000000000000000000000000E+02    0.245691364398226141929626464843750000000000E-03
    0.927269744873046875000000000000000000000000E+02    0.232422622502781450748443603515625000000000E-03
    0.946001358032226562500000000000000000000000E+02    0.219862442463636398315429687500000000000000E-03
    0.965112304687500000000000000000000000000000E+02    0.207973193028010427951812744140625000000000E-03
    0.984608383178710937500000000000000000000000E+02    0.196719294763170182704925537109375000000000E-03
    0.100449920654296875000000000000000000000000E+03    0.186067030881531536579132080078125000000000E-03
    0.102479194641113281250000000000000000000000E+03    0.175984459929168224334716796875000000000000E-03
    0.104549354553222656250000000000000000000000E+03    0.166441343026235699653625488281250000000000E-03
    0.106661445617675781250000000000000000000000E+03    0.157409042003564536571502685546875000000000E-03
    0.108816093444824218750000000000000000000000E+03    0.148860461194999516010284423828125000000000E-03
    0.111014373779296875000000000000000000000000E+03    0.140769887366332113742828369140625000000000E-03
    0.113256958007812500000000000000000000000000E+03    0.133113004267215728759765625000000000000000E-03
    0.115544944763183593750000000000000000000000E+03    0.125866790767759084701538085937500000000000E-03
    0.117879058837890625000000000000000000000000E+03    0.119009404443204402923583984375000000000000E-03
    0.120260421752929687500000000000000000000000E+03    0.112520203401800245046615600585937500000000E-03
    0.122689781188964843750000000000000000000000E+03    0.106379600765649229288101196289062500000000E-03
    0.125168350219726562500000000000000000000000E+03    0.100569079222623258829116821289062500000000E-03
    0.127696846008300781250000000000000000000000E+03    0.950710673350840806961059570312500000000000E-04
    0.130276565551757812500000000000000000000000E+03    0.898689468158408999443054199218750000000000E-04
    0.132908248901367187500000000000000000000000E+03    0.849469215609133243560791015625000000000000E-04
    0.135593231201171875000000000000000000000000E+03    0.802900249254889786243438720703125000000000E-04
    0.138332336425781250000000000000000000000000E+03    0.758840906200930476188659667968750000000000E-04
    0.141126892089843750000000000000000000000000E+03    0.717157163308002054691314697265625000000000E-04
    0.143977767944335937500000000000000000000000E+03    0.677721982356160879135131835937500000000000E-04
    0.146886383056640625000000000000000000000000E+03    0.640415382804349064826965332031250000000000E-04
    0.149853607177734375000000000000000000000000E+03    0.605123605055268853902816772460937500000000E-04
    0.152880935668945312500000000000000000000000E+03    0.571738964936230331659317016601562500000000E-04
    0.155969253540039062500000000000000000000000E+03    0.540159671800211071968078613281250000000000E-04
    0.159120101928710937500000000000000000000000E+03    0.510289173689670860767364501953125000000000E-04
    0.162334472656250000000000000000000000000000E+03    0.482036230096127837896347045898437500000000E-04
    0.165613922119140625000000000000000000000000E+03    0.455314329883549362421035766601562500000000E-04
    0.168959625244140625000000000000000000000000E+03    0.430041691288352012634277343750000000000000E-04
    0.172372741699218750000000000000000000000000E+03    0.406140788982156664133071899414062500000000E-04
    0.175854980468750000000000000000000000000000E+03    0.383538317692000418901443481445312500000000E-04
    0.179407409667968750000000000000000000000000E+03    0.362164719263091683387756347656250000000000E-04
    0.183031753540039062500000000000000000000000E+03    0.341954255418386310338973999023437500000000E-04
    0.186729156494140625000000000000000000000000E+03    0.322844425681978464126586914062500000000000E-04
    0.190501419067382812500000000000000000000000E+03    0.304775985568994656205177307128906250000000E-04
    0.194349700927734375000000000000000000000000E+03    0.287693019345169886946678161621093750000000E-04
    0.198275924682617187500000000000000000000000E+03    0.271542521659284830093383789062500000000000E-04
    0.202281250000000000000000000000000000000000E+03    0.256274361163377761840820312500000000000000E-04
    0.206367706298828125000000000000000000000000E+03    0.241841134993592277169227600097656250000000E-04
    0.210536499023437500000000000000000000000000E+03    0.228197932301554828882217407226562500000000E-04
    0.214789718627929687500000000000000000000000E+03    0.215302279684692621231079101562500000000000E-04
    0.219128646850585937500000000000000000000000E+03    0.203113977477187290787696838378906250000000E-04
    0.223555450439453125000000000000000000000000E+03    0.191594972420716658234596252441406250000000E-04
    0.228071472167968750000000000000000000000000E+03    0.180709248525090515613555908203125000000000E-04
    0.232678924560546875000000000000000000000000E+03    0.170422717928886413574218750000000000000000E-04
    0.237379211425781250000000000000000000000000E+03    0.160703111760085448622703552246093750000000E-04
    0.242174713134765625000000000000000000000000E+03    0.151519880091655068099498748779296875000000E-04
    0.247066848754882812500000000000000000000000E+03    0.142844119181972928345203399658203125000000E-04
    0.252058044433593750000000000000000000000000E+03    0.134648462335462681949138641357421875000000E-04
    0.257149810791015625000000000000000000000000E+03    0.126906998048070818185806274414062500000000E-04
    0.262344726562500000000000000000000000000000E+03    0.119595188152743503451347351074218750000000E-04
    0.267644287109375000000000000000000000000000E+03    0.112689813249744474887847900390625000000000E-04
    0.273051177978515625000000000000000000000000E+03    0.106168890852131880819797515869140625000000E-04
    0.278567047119140625000000000000000000000000E+03    0.100011602626182138919830322265625000000000E-04
    0.284194610595703125000000000000000000000000E+03    0.941982580116018652915954589843750000000000E-05
    0.289935882568359375000000000000000000000000E+03    0.887102032720576971769332885742187500000000E-05
    0.295792785644531250000000000000000000000000E+03    0.835297760204412043094635009765625000000000E-05
    0.301768341064453125000000000000000000000000E+03    0.786402597441338002681732177734375000000000E-05
    0.307864318847656250000000000000000000000000E+03    0.740258383302716538310050964355468750000000E-05
    0.314083740234375000000000000000000000000000E+03    0.696715187586960382759571075439453125000000E-05
    0.320428497314453125000000000000000000000000E+03    0.655631311019533313810825347900390625000000E-05
    0.326901702880859375000000000000000000000000E+03    0.616872421232983469963073730468750000000000E-05
    0.333505401611328125000000000000000000000000E+03    0.580311461817473173141479492187500000000000E-05
    0.340242828369140625000000000000000000000000E+03    0.545828152098692953586578369140625000000000E-05
    0.347116027832031250000000000000000000000000E+03    0.513308577865245752036571502685546875000000E-05
    0.354128387451171875000000000000000000000000E+03    0.482645100419176742434501647949218750000000E-05
    0.361282073974609375000000000000000000000000E+03    0.453736856798059307038784027099609375000000E-05
    0.368580627441406250000000000000000000000000E+03    0.426488941229763440787792205810546875000000E-05
    0.376026275634765625000000000000000000000000E+03    0.400810949940932914614677429199218750000000E-05
    0.383622650146484375000000000000000000000000E+03    0.376617208530660718679428100585937500000000E-05
    0.391372161865234375000000000000000000000000E+03    0.353826385435240808874368667602539062500000E-05
    0.399278594970703125000000000000000000000000E+03    0.332361219079757574945688247680664062500000E-05
    0.407344360351562500000000000000000000000000E+03    0.312148495140718296170234680175781250000000E-05
    0.415573425292968750000000000000000000000000E+03    0.293118728222907520830631256103515625000000E-05
    0.423968383789062500000000000000000000000000E+03    0.275206025435181800276041030883789062500000E-05
    0.432533294677734375000000000000000000000000E+03    0.258347949966264422982931137084960937500000E-05
    0.441270843505859375000000000000000000000000E+03    0.242485339185805059969425201416015625000000E-05
    0.450185302734375000000000000000000000000000E+03    0.227562145482806954532861709594726562500000E-05
    0.459279449462890625000000000000000000000000E+03    0.213525231629319023340940475463867187500000E-05
    0.468557678222656250000000000000000000000000E+03    0.200324325305700767785310745239257812500000E-05
    0.478023437500000000000000000000000000000000E+03    0.187911871307733235880732536315917968750000E-05
    0.487679901123046875000000000000000000000000E+03    0.176242804172943579033017158508300781250000E-05
    0.497531890869140625000000000000000000000000E+03    0.165274741448229178786277770996093750000000E-05
    0.507582427978515625000000000000000000000000E+03    0.154968313381687039509415626525878906250000E-05
    0.517836547851562500000000000000000000000000E+03    0.145286219321860698983073234558105468750000E-05
    0.528297302246093750000000000000000000000000E+03    0.136193023081432329490780830383300781250000E-05
    0.538969848632812500000000000000000000000000E+03    0.127655050619068788364529609680175781250000E-05
    0.549857482910156250000000000000000000000000E+03    0.119640355933370301499962806701660156250000E-05
    0.560965576171875000000000000000000000000000E+03    0.112118607376032741740345954895019531250000E-05
    0.572297607421875000000000000000000000000000E+03    0.105061087651847628876566886901855468750000E-05
    0.583859008789062500000000000000000000000000E+03    0.984405460258130915462970733642578125000000E-06
    0.595653442382812500000000000000000000000000E+03    0.922312040074757533147931098937988281250000E-06
    0.607686706542968750000000000000000000000000E+03    0.864086757701443275436758995056152343750000E-06
    0.619962463378906250000000000000000000000000E+03    0.809498715170775540173053741455078125000000E-06
    0.632486877441406250000000000000000000000000E+03    0.758329861128004267811775207519531250000000E-06
    0.645263610839843750000000000000000000000000E+03    0.710374195023177890107035636901855468750000E-06
    0.658299133300781250000000000000000000000000E+03    0.665437028146698139607906341552734375000000E-06
    0.671597290039062500000000000000000000000000E+03    0.623334756255644606426358222961425781250000E-06
    0.685164794921875000000000000000000000000000E+03    0.583894120609329547733068466186523437500000E-06
    0.699005676269531250000000000000000000000000E+03    0.546950275293056620284914970397949218750000E-06
    0.713126892089843750000000000000000000000000E+03    0.512346161940513411536812782287597656250000E-06
    0.727532653808593750000000000000000000000000E+03    0.479934385566593846306204795837402343750000E-06
    0.742230102539062500000000000000000000000000E+03    0.449576788241756730712950229644775390625000E-06
    0.757223754882812500000000000000000000000000E+03    0.421143766970999422483146190643310546875000E-06
    0.772521057128906250000000000000000000000000E+03    0.394513818946506944485008716583251953125000E-06
    0.788127380371093750000000000000000000000000E+03    0.369573029956882237456738948822021484375000E-06
    0.804048156738281250000000000000000000000000E+03    0.346214591218085843138396739959716796875000E-06
    0.820291442871093750000000000000000000000000E+03    0.324338401469503878615796566009521484375000E-06
    0.836861999511718750000000000000000000000000E+03    0.303850612226597149856388568878173828125000E-06
    0.853768066406250000000000000000000000000000E+03    0.284663315142097417265176773071289062500000E-06
    0.871014953613281250000000000000000000000000E+03    0.266694087258656509220600128173828125000000E-06
    0.888611083984375000000000000000000000000000E+03    0.249865678370042587630450725555419921875000E-06
    0.906562561035156250000000000000000000000000E+03    0.234105698382336413487792015075683593750000E-06
    0.924875000000000000000000000000000000000000E+03    0.219346361518546473234891891479492187500000E-06
    0.943559204101562500000000000000000000000000E+03    0.205524116836386383511126041412353515625000E-06
    0.962620788574218750000000000000000000000000E+03    0.192579378222035302314907312393188476562500E-06
    0.982067504882812500000000000000000000000000E+03    0.180455913323385175317525863647460937500000E-06
    0.100190509033203125000000000000000000000000E+04    0.169100900393459596671164035797119140625000E-06
    0.102214538574218750000000000000000000000000E+04    0.158464956712123239412903785705566406250000E-06
    0.104279455566406250000000000000000000000000E+04    0.148501968055825273040682077407836914062500E-06
    0.106386083984375000000000000000000000000000E+04    0.139168804480505059473216533660888671875000E-06
    0.108535070800781250000000000000000000000000E+04    0.130425192423899716231971979141235351562500E-06
    0.110727673339843750000000000000000000000000E+04    0.122233416277595097199082374572753906250000E-06
    0.112964575195312500000000000000000000000000E+04    0.114558289965316362213343381881713867187500E-06
    0.115246667480468750000000000000000000000000E+04    0.107366844304124242626130580902099609375000E-06
    0.117574621582031250000000000000000000000000E+04    0.100628298582705610897392034530639648437500E-06
    0.119949841308593750000000000000000000000000E+04    0.943138331876980373635888099670410156250000E-07
    0.122373059082031250000000000000000000000000E+04    0.883965114439888566266745328903198242187500E-07
    0.124845202636718750000000000000000000000000E+04    0.828511232953133003320544958114624023437500E-07
    0.127367065429687500000000000000000000000000E+04    0.776540858282714907545596361160278320312500E-07
    0.129940112304687500000000000000000000000000E+04    0.727833366909180767834186553955078125000000E-07
