    0.999999974737875163555145263671875000000000E-04    0.443746643066406250000000000000000000000000E+03
    0.102020130725577473640441894531250000000000E-03    0.452394287109375000000000000000000000000000E+03
    0.104081082099582999944686889648437500000000E-03    0.461210235595703125000000000000000000000000E+03
    0.106183659227099269628524780273437500000000E-03    0.470197845458984375000000000000000000000000E+03
    0.108328706119209527969360351562500000000000E-03    0.479360351562500000000000000000000000000000E+03
    0.110517095890827476978302001953125000000000E-03    0.488701202392578125000000000000000000000000E+03
    0.112749679828993976116180419921875000000000E-03    0.498223815917968750000000000000000000000000E+03
    0.115027374704368412494659423828125000000000E-03    0.507931762695312500000000000000000000000000E+03
    0.117351090011652559041976928710937500000000E-03    0.517828552246093750000000000000000000000000E+03
    0.119721727969590574502944946289062500000000E-03    0.527917968750000000000000000000000000000000E+03
    0.122140278108417987823486328125000000000000E-03    0.538203552246093750000000000000000000000000E+03
    0.124607671750709414482116699218750000000000E-03    0.548689270019531250000000000000000000000000E+03
    0.127124920254573225975036621093750000000000E-03    0.559378967285156250000000000000000000000000E+03
    0.129692998598329722881317138671875000000000E-03    0.570276489257812500000000000000000000000000E+03
    0.132312969071790575981140136718750000000000E-03    0.581385925292968750000000000000000000000000E+03
    0.134985879412852227687835693359375000000000E-03    0.592711364746093750000000000000000000000000E+03
    0.137712777359411120414733886718750000000000E-03    0.604256958007812500000000000000000000000000E+03
    0.140494754305109381675720214843750000000000E-03    0.616026977539062500000000000000000000000000E+03
    0.143332930747419595718383789062500000000000E-03    0.628025695800781250000000000000000000000000E+03
    0.146228456287644803524017333984375000000000E-03    0.640257629394531250000000000000000000000000E+03
    0.149182465975172817707061767578125000000000E-03    0.652727233886718750000000000000000000000000E+03
    0.152196153067052364349365234375000000000000E-03    0.665439025878906250000000000000000000000000E+03
    0.155270710820332169532775878906250000000000E-03    0.678397766113281250000000000000000000000000E+03
    0.158407390699721872806549072265625000000000E-03    0.691608154296875000000000000000000000000000E+03
    0.161607444169931113719940185546875000000000E-03    0.705075073242187500000000000000000000000000E+03
    0.164872122695669531822204589843750000000000E-03    0.718803466796875000000000000000000000000000E+03
    0.168202750501222908496856689453125000000000E-03    0.732798400878906250000000000000000000000000E+03
    0.171600666362792253494262695312500000000000E-03    0.747064941406250000000000000000000000000000E+03
    0.175067238160409033298492431640625000000000E-03    0.761608337402343750000000000000000000000000E+03
    0.178603833774104714393615722656250000000000E-03    0.776433959960937500000000000000000000000000E+03
    0.182211864739656448364257812500000000000000E-03    0.791547180175781250000000000000000000000000E+03
    0.185892800800502300262451171875000000000000E-03    0.806953613281250000000000000000000000000000E+03
    0.189648068044334650039672851562500000000000E-03    0.822658813476562500000000000000000000000000E+03
    0.193479223526082932949066162109375000000000E-03    0.838668579101562500000000000000000000000000E+03
    0.197387780644930899143218994140625000000000E-03    0.854988769531250000000000000000000000000000E+03
    0.201375267351977527141571044921875000000000E-03    0.871625366210937500000000000000000000000000E+03
    0.205443298909813165664672851562500000000000E-03    0.888584411621093750000000000000000000000000E+03
    0.209593548788689076900482177734375000000000E-03    0.905872009277343750000000000000000000000000E+03
    0.213827603147365152835845947265625000000000E-03    0.923494506835937500000000000000000000000000E+03
    0.218147222767584025859832763671875000000000E-03    0.941458190917968750000000000000000000000000E+03
    0.222554081119596958160400390625000000000000E-03    0.959769653320312500000000000000000000000000E+03
    0.227049968088977038860321044921875000000000E-03    0.978435424804687500000000000000000000000000E+03
    0.231636688113212585449218750000000000000000E-03    0.997462280273437500000000000000000000000000E+03
    0.236316060181707143783569335937500000000000E-03    0.101685705566406250000000000000000000000000E+04
    0.241089961491525173187255859375000000000000E-03    0.103662670898437500000000000000000000000000E+04
    0.245960312895476818084716796875000000000000E-03    0.105677844238281250000000000000000000000000E+04
    0.250929006142541766166687011718750000000000E-03    0.107731933593750000000000000000000000000000E+04
    0.255998136708512902259826660156250000000000E-03    0.109825695800781250000000000000000000000000E+04
    0.261169654550030827522277832031250000000000E-03    0.111959863281250000000000000000000000000000E+04
    0.266445596935227513313293457031250000000000E-03    0.114135205078125000000000000000000000000000E+04
    0.271828175755217671394348144531250000000000E-03    0.116352514648437500000000000000000000000000E+04
    0.277319486485794186592102050781250000000000E-03    0.118612561035156250000000000000000000000000E+04
    0.282921682810410857200622558593750000000000E-03    0.120916162109375000000000000000000000000000E+04
    0.288637093035504221916198730468750000000000E-03    0.123264135742187500000000000000000000000000E+04
    0.294467929052188992500305175781250000000000E-03    0.125657336425781250000000000000000000000000E+04
    0.300416606478393077850341796875000000000000E-03    0.128096594238281250000000000000000000000000E+04
    0.306485395412892103195190429687500000000000E-03    0.130582775878906250000000000000000000000000E+04
    0.312676827888935804367065429687500000000000E-03    0.133116772460937500000000000000000000000000E+04
    0.318993290420621633529663085937500000000000E-03    0.135699487304687500000000000000000000000000E+04
    0.325437402352690696716308593750000000000000E-03    0.138331835937500000000000000000000000000000E+04
    0.332011666614562273025512695312500000000000E-03    0.141014733886718750000000000000000000000000E+04
    0.338718760758638381958007812500000000000000E-03    0.143749133300781250000000000000000000000000E+04
    0.345561362337321043014526367187500000000000E-03    0.146535998535156250000000000000000000000000E+04
    0.352542119799181818962097167968750000000000E-03    0.149376293945312500000000000000000000000000E+04
    0.359663943527266383171081542968750000000000E-03    0.152270983886718750000000000000000000000000E+04
    0.366929627489298582077026367187500000000000E-03    0.155221081542968750000000000000000000000000E+04
    0.374342111172154545783996582031250000000000E-03    0.158227612304687500000000000000000000000000E+04
    0.381904304958879947662353515625000000000000E-03    0.161291589355468750000000000000000000000000E+04
    0.389619322959333658218383789062500000000000E-03    0.164414062500000000000000000000000000000000E+04
    0.397490162868052721023559570312500000000000E-03    0.167596118164062500000000000000000000000000E+04
    0.405519997002556920051574707031250000000000E-03    0.170838842773437500000000000000000000000000E+04
    0.413712026784196496009826660156250000000000E-03    0.174143310546875000000000000000000000000000E+04
    0.422069540945813059806823730468750000000000E-03    0.177510681152343750000000000000000000000000E+04
    0.430595915531739592552185058593750000000000E-03    0.180942065429687500000000000000000000000000E+04
    0.439294555690139532089233398437500000000000E-03    0.184438647460937500000000000000000000000000E+04
    0.448168895673006772994995117187500000000000E-03    0.188001586914062500000000000000000000000000E+04
    0.457222486147657036781311035156250000000000E-03    0.191632092285156250000000000000000000000000E+04
    0.466458965092897415161132812500000000000000E-03    0.195331384277343750000000000000000000000000E+04
    0.475882086902856826782226562500000000000000E-03    0.199100683593750000000000000000000000000000E+04
    0.485495547764003276824951171875000000000000E-03    0.202941271972656250000000000000000000000000E+04
    0.495303189381957054138183593750000000000000E-03    0.206854418945312500000000000000000000000000E+04
    0.505309028085321187973022460937500000000000E-03    0.210841406250000000000000000000000000000000E+04
    0.515516963787376880645751953125000000000000E-03    0.214903588867187500000000000000000000000000E+04
    0.525931071024388074874877929687500000000000E-03    0.219042260742187500000000000000000000000000E+04
    0.536555540747940540313720703125000000000000E-03    0.223258837890625000000000000000000000000000E+04
    0.547394680324941873550415039062500000000000E-03    0.227554687500000000000000000000000000000000E+04
    0.558452797122299671173095703125000000000000E-03    0.231931176757812500000000000000000000000000E+04
    0.569734314922243356704711914062500000000000E-03    0.236389770507812500000000000000000000000000E+04
    0.581243715714663267135620117187500000000000E-03    0.240931835937500000000000000000000000000000E+04
    0.592985597904771566390991210937500000000000E-03    0.245558813476562500000000000000000000000000E+04
    0.604964734520763158798217773437500000000000E-03    0.250272192382812500000000000000000000000000E+04
    0.617185782175511121749877929687500000000000E-03    0.255073388671875000000000000000000000000000E+04
    0.629653746727854013442993164062500000000000E-03    0.259963964843750000000000000000000000000000E+04
    0.642373692244291305541992187500000000000000E-03    0.264945410156250000000000000000000000000000E+04
    0.655350449960678815841674804687500000000000E-03    0.270019262695312500000000000000000000000000E+04
    0.668589433189481496810913085937500000000000E-03    0.275187084960937500000000000000000000000000E+04
    0.682095822412520647048950195312500000000000E-03    0.280450463867187500000000000000000000000000E+04
    0.695875030942261219024658203125000000000000E-03    0.285811010742187500000000000000000000000000E+04
    0.709932646714150905609130859375000000000000E-03    0.291270312500000000000000000000000000000000E+04
    0.724274199455976486206054687500000000000000E-03    0.296830053710937500000000000000000000000000E+04
    0.738905626349151134490966796875000000000000E-03    0.302491894531250000000000000000000000000000E+04
    0.753832457121461629867553710937500000000000E-03    0.308257519531250000000000000000000000000000E+04
    0.769060861784964799880981445312500000000000E-03    0.314128637695312500000000000000000000000000E+04
    0.784596893936395645141601562500000000000000E-03    0.320107006835937500000000000000000000000000E+04
    0.800446781795471906661987304687500000000000E-03    0.326194335937500000000000000000000000000000E+04
    0.816616869997233152389526367187500000000000E-03    0.332392456054687500000000000000000000000000E+04
    0.833113677799701690673828125000000000000000E-03    0.338703125000000000000000000000000000000000E+04
    0.849943608045578002929687500000000000000000E-03    0.345128198242187500000000000000000000000000E+04
    0.867113587446510791778564453125000000000000E-03    0.351669506835937500000000000000000000000000E+04
    0.884630659129470586776733398437500000000000E-03    0.358328930664062500000000000000000000000000E+04
    0.902501342352479696273803710937500000000000E-03    0.365108349609375000000000000000000000000000E+04
    0.920733029488474130630493164062500000000000E-03    0.372009667968750000000000000000000000000000E+04
    0.939333112910389900207519531250000000000000E-03    0.379034741210937500000000000000000000000000E+04
    0.958308868575841188430786132812500000000000E-03    0.386185449218750000000000000000000000000000E+04
    0.977667979896068572998046875000000000000000E-03    0.393463598632812500000000000000000000000000E+04
    0.997418188489973545074462890625000000000000E-03    0.400871118164062500000000000000000000000000E+04
    0.101756735239177942276000976562500000000000E-02    0.408409912109375000000000000000000000000000E+04
    0.103812362067401409149169921875000000000000E-02    0.416081835937500000000000000000000000000000E+04
    0.105909502599388360977172851562500000000000E-02    0.423888867187500000000000000000000000000000E+04
    0.108049006666988134384155273437500000000000E-02    0.431832910156250000000000000000000000000000E+04
    0.110231747385114431381225585937500000000000E-02    0.439915917968750000000000000000000000000000E+04
    0.112458574585616588592529296875000000000000E-02    0.448139843750000000000000000000000000000000E+04
    0.114730407949537038803100585937500000000000E-02    0.456506689453125000000000000000000000000000E+04
    0.117048120591789484024047851562500000000000E-02    0.465018408203125000000000000000000000000000E+04
    0.119412643834948539733886718750000000000000E-02    0.473677050781250000000000000000000000000000E+04
    0.121824943926185369491577148437500000000000E-02    0.482484521484375000000000000000000000000000E+04
    0.124285963829606771469116210937500000000000E-02    0.491442919921875000000000000000000000000000E+04
    0.126796704716980457305908203125000000000000E-02    0.500554248046875000000000000000000000000000E+04
    0.129358167760074138641357421875000000000000E-02    0.509820507812500000000000000000000000000000E+04
    0.131971365772187709808349609375000000000000E-02    0.519243798828125000000000000000000000000000E+04
    0.134637358132749795913696289062500000000000E-02    0.528826123046875000000000000000000000000000E+04
    0.137357215862721204757690429687500000000000E-02    0.538569531250000000000000000000000000000000E+04
    0.140132009983062744140625000000000000000000E-02    0.548476074218750000000000000000000000000000E+04
    0.142962858080863952636718750000000000000000E-02    0.558547851562500000000000000000000000000000E+04
    0.145850901026278734207153320312500000000000E-02    0.568786962890625000000000000000000000000000E+04
    0.148797314614057540893554687500000000000000E-02    0.579195361328125000000000000000000000000000E+04
    0.151803228072822093963623046875000000000000E-02    0.589775244140625000000000000000000000000000E+04
    0.154869852121919393539428710937500000000000E-02    0.600528369140625000000000000000000000000000E+04
    0.157998420763760805130004882812500000000000E-02    0.611456591796875000000000000000000000000000E+04
    0.161190202925354242324829101562500000000000E-02    0.622561718750000000000000000000000000000000E+04
    0.164446467533707618713378906250000000000000E-02    0.633845556640625000000000000000000000000000E+04
    0.167768495157361030578613281250000000000000E-02    0.645309863281250000000000000000000000000000E+04
    0.171157636214047670364379882812500000000000E-02    0.656956347656250000000000000000000000000000E+04
    0.174615241121500730514526367187500000000000E-02    0.668786718750000000000000000000000000000000E+04
    0.178142695222049951553344726562500000000000E-02    0.680802685546875000000000000000000000000000E+04
    0.181741418782621622085571289062500000000000E-02    0.693005859375000000000000000000000000000000E+04
    0.185412843711674213409423828125000000000000E-02    0.705397949218750000000000000000000000000000E+04
    0.189158413559198379516601562500000000000000E-02    0.717980468750000000000000000000000000000000E+04
    0.192979711573570966720581054687500000000000E-02    0.730755029296875000000000000000000000000000E+04
    0.196878169663250446319580078125000000000000E-02    0.743723095703125000000000000000000000000000E+04
    0.200855359435081481933593750000000000000000E-02    0.756886181640625000000000000000000000000000E+04
    0.204912899062037467956542968750000000000000E-02    0.770245703125000000000000000000000000000000E+04
    0.209052418358623981475830078125000000000000E-02    0.783803125000000000000000000000000000000000E+04
    0.213275570422410964965820312500000000000000E-02    0.797559765625000000000000000000000000000000E+04
    0.217583985067903995513916015625000000000000E-02    0.811516894531250000000000000000000000000000E+04
    0.221979478374123573303222656250000000000000E-02    0.825675781250000000000000000000000000000000E+04
    0.226463773287832736968994140625000000000000E-02    0.840037597656250000000000000000000000000000E+04
    0.231038639321923255920410156250000000000000E-02    0.854603613281250000000000000000000000000000E+04
    0.235705915838479995727539062500000000000000E-02    0.869374804687500000000000000000000000000000E+04
    0.240467488765716552734375000000000000000000E-02    0.884352148437500000000000000000000000000000E+04
    0.245325244031846523284912109375000000000000E-02    0.899536816406250000000000000000000000000000E+04
    0.250281183980405330657958984375000000000000E-02    0.914929394531250000000000000000000000000000E+04
    0.255337217822670936584472656250000000000000E-02    0.930530566406250000000000000000000000000000E+04
    0.260495371185243129730224609375000000000000E-02    0.946340332031250000000000000000000000000000E+04
    0.265757716260850429534912109375000000000000E-02    0.962358886718750000000000000000000000000000E+04
    0.271126371808350086212158203125000000000000E-02    0.978586328125000000000000000000000000000000E+04
    0.276603479869663715362548828125000000000000E-02    0.995022363281250000000000000000000000000000E+04
    0.282191229052841663360595703125000000000000E-02    0.101166689453125000000000000000000000000000E+05
    0.287891877815127372741699218750000000000000E-02    0.102851943359375000000000000000000000000000E+05
    0.293707661330699920654296875000000000000000E-02    0.104557968750000000000000000000000000000000E+05
    0.299640954472124576568603515625000000000000E-02    0.106284687500000000000000000000000000000000E+05
    0.305694085545837879180908203125000000000000E-02    0.108032031250000000000000000000000000000000E+05
    0.311869522556662559509277343750000000000000E-02    0.109799902343750000000000000000000000000000E+05
    0.318169780075550079345703125000000000000000E-02    0.111588212890625000000000000000000000000000E+05
    0.324597232975065708160400390625000000000000E-02    0.113396826171875000000000000000000000000000E+05
    0.331154512241482734680175781250000000000000E-02    0.115225625000000000000000000000000000000000E+05
    0.337844272144138813018798828125000000000000E-02    0.117074453125000000000000000000000000000000E+05
    0.344669190235435962677001953125000000000000E-02    0.118943134765625000000000000000000000000000E+05
    0.351631967350840568542480468750000000000000E-02    0.120831503906250000000000000000000000000000E+05
    0.358735374175012111663818359375000000000000E-02    0.122739355468750000000000000000000000000000E+05
    0.365982321090996265411376953125000000000000E-02    0.124666474609375000000000000000000000000000E+05
    0.373375625349581241607666015625000000000000E-02    0.126612626953125000000000000000000000000000E+05
    0.380918313749134540557861328125000000000000E-02    0.128577568359375000000000000000000000000000E+05
    0.388613343238830566406250000000000000000000E-02    0.130561015625000000000000000000000000000000E+05
    0.396463880315423011779785156250000000000000E-02    0.132562695312500000000000000000000000000000E+05
    0.404472928494215011596679687500000000000000E-02    0.134582294921875000000000000000000000000000E+05
    0.412643933668732643127441406250000000000000E-02    0.136619472656250000000000000000000000000000E+05
    0.420979922637343406677246093750000000000000E-02    0.138673818359375000000000000000000000000000E+05
    0.429484248161315917968750000000000000000000E-02    0.140744873046875000000000000000000000000000E+05
    0.438160402700304985046386718750000000000000E-02    0.142832158203125000000000000000000000000000E+05
    0.447011832147836685180664062500000000000000E-02    0.144935136718750000000000000000000000000000E+05
    0.456042028963565826416015625000000000000000E-02    0.147053300781250000000000000000000000000000E+05
    0.465254718437790870666503906250000000000000E-02    0.149186074218750000000000000000000000000000E+05
    0.474653439596295356750488281250000000000000E-02    0.151332861328125000000000000000000000000000E+05
    0.484242103993892669677734375000000000000000E-02    0.153493066406250000000000000000000000000000E+05
    0.494024436920881271362304687500000000000000E-02    0.155666035156250000000000000000000000000000E+05
    0.504004349932074546813964843750000000000000E-02    0.157851103515625000000000000000000000000000E+05
    0.514185894280672073364257812500000000000000E-02    0.160047587890625000000000000000000000000000E+05
    0.524573167786002159118652343750000000000000E-02    0.162254746093750000000000000000000000000000E+05
    0.535170361399650573730468750000000000000000E-02    0.164471816406250000000000000000000000000000E+05
    0.545981479808688163757324218750000000000000E-02    0.166697949218750000000000000000000000000000E+05
    0.557011039927601814270019531250000000000000E-02    0.168932285156250000000000000000000000000000E+05
    0.568263372406363487243652343750000000000000E-02    0.171173906250000000000000000000000000000000E+05
    0.579743087291717529296875000000000000000000E-02    0.173421914062500000000000000000000000000000E+05
    0.591454654932022094726562500000000000000000E-02    0.175675312500000000000000000000000000000000E+05
    0.603402825072407722473144531250000000000000E-02    0.177933085937500000000000000000000000000000E+05
    0.615592347458004951477050781250000000000000E-02    0.180194179687500000000000000000000000000000E+05
    0.628028111532330513000488281250000000000000E-02    0.182457460937500000000000000000000000000000E+05
    0.640715099871158599853515625000000000000000E-02    0.184721777343750000000000000000000000000000E+05
    0.653658434748649597167968750000000000000000E-02    0.186985917968750000000000000000000000000000E+05
    0.666863145306706428527832031250000000000000E-02    0.189248691406250000000000000000000000000000E+05
    0.680334679782390594482421875000000000000000E-02    0.191508828125000000000000000000000000000000E+05
    0.694078346714377403259277343750000000000000E-02    0.193764941406250000000000000000000000000000E+05
    0.708099640905857086181640625000000000000000E-02    0.196015644531250000000000000000000000000000E+05
    0.722404150292277336120605468750000000000000E-02    0.198259472656250000000000000000000000000000E+05
    0.736997742205858230590820312500000000000000E-02    0.200494980468750000000000000000000000000000E+05
    0.751886051148176193237304687500000000000000E-02    0.202720625000000000000000000000000000000000E+05
    0.767075084149837493896484375000000000000000E-02    0.204934863281250000000000000000000000000000E+05
    0.782571360468864440917968750000000000000000E-02    0.207136035156250000000000000000000000000000E+05
    0.798380374908447265625000000000000000000000E-02    0.209322421875000000000000000000000000000000E+05
    0.814508739858865737915039062500000000000000E-02    0.211492246093750000000000000000000000000000E+05
    0.830962881445884704589843750000000000000000E-02    0.213643750000000000000000000000000000000000E+05
    0.847749505192041397094726562500000000000000E-02    0.215775078125000000000000000000000000000000E+05
    0.864875130355358123779296875000000000000000E-02    0.217884355468750000000000000000000000000000E+05
    0.882346741855144500732421875000000000000000E-02    0.219969667968750000000000000000000000000000E+05
    0.900171231478452682495117187500000000000000E-02    0.222028925781250000000000000000000000000000E+05
    0.918355956673622131347656250000000000000000E-02    0.224060019531250000000000000000000000000000E+05
    0.936907902359962463378906250000000000000000E-02    0.226060839843750000000000000000000000000000E+05
    0.955834705382585525512695312500000000000000E-02    0.228029238281250000000000000000000000000000E+05
    0.975143909454345703125000000000000000000000E-02    0.229963007812500000000000000000000000000000E+05
    0.994843058288097381591796875000000000000000E-02    0.231859902343750000000000000000000000000000E+05
    0.101494016125798225402832031250000000000000E-01    0.233717539062500000000000000000000000000000E+05
    0.103544332087039947509765625000000000000000E-01    0.235533476562500000000000000000000000000000E+05
    0.105636063963174819946289062500000000000000E-01    0.237305234375000000000000000000000000000000E+05
    0.107770059257745742797851562500000000000000E-01    0.239030371093750000000000000000000000000000E+05
    0.109947146847844123840332031250000000000000E-01    0.240706406250000000000000000000000000000000E+05
    0.112168220803141593933105468750000000000000E-01    0.242330820312500000000000000000000000000000E+05
    0.114434175193309783935546875000000000000000E-01    0.243900898437500000000000000000000000000000E+05
    0.116745894774794578552246093750000000000000E-01    0.245413925781250000000000000000000000000000E+05
    0.119104310870170593261718750000000000000000E-01    0.246867167968750000000000000000000000000000E+05
    0.121510382741689682006835937500000000000000E-01    0.248257871093750000000000000000000000000000E+05
    0.123965051025152206420898437500000000000000E-01    0.249583339843750000000000000000000000000000E+05
    0.126469302922487258911132812500000000000000E-01    0.250840839843750000000000000000000000000000E+05
    0.129024153575301170349121093750000000000000E-01    0.252027519531250000000000000000000000000000E+05
    0.131630674004554748535156250000000000000000E-01    0.253140410156250000000000000000000000000000E+05
    0.134289795532822608947753906250000000000000E-01    0.254176640625000000000000000000000000000000E+05
    0.137002617120742797851562500000000000000000E-01    0.255133300781250000000000000000000000000000E+05
    0.139770256355404853820800781250000000000000E-01    0.256007558593750000000000000000000000000000E+05
    0.142593793570995330810546875000000000000000E-01    0.256796660156250000000000000000000000000000E+05
    0.145474374294281005859375000000000000000000E-01    0.257497753906250000000000000000000000000000E+05
    0.148413162678480148315429687500000000000000E-01    0.258107910156250000000000000000000000000000E+05
    0.151411294937133789062500000000000000000000E-01    0.258624316406250000000000000000000000000000E+05
    0.154470009729266166687011718750000000000000E-01    0.259044140625000000000000000000000000000000E+05
    0.157590489834547042846679687500000000000000E-01    0.259364765625000000000000000000000000000000E+05
    0.160774048417806625366210937500000000000000E-01    0.259583593750000000000000000000000000000000E+05
    0.164021886885166168212890625000000000000000E-01    0.259698105468750000000000000000000000000000E+05
    0.167335346341133117675781250000000000000000E-01    0.259705664062500000000000000000000000000000E+05
    0.170715730637311935424804687500000000000000E-01    0.259603789062500000000000000000000000000000E+05
    0.174164418131113052368164062500000000000000E-01    0.259390136718750000000000000000000000000000E+05
    0.177682787179946899414062500000000000000000E-01    0.259062500000000000000000000000000000000000E+05
    0.181272197514772415161132812500000000000000E-01    0.258618828125000000000000000000000000000000E+05
    0.184934139251708984375000000000000000000000E-01    0.258057285156250000000000000000000000000000E+05
    0.188670046627521514892578125000000000000000E-01    0.257376328125000000000000000000000000000000E+05
    0.192481447011232376098632812500000000000000E-01    0.256574667968750000000000000000000000000000E+05
    0.196369830518960952758789062500000000000000E-01    0.255651210937500000000000000000000000000000E+05
    0.200336743146181106567382812500000000000000E-01    0.254605078125000000000000000000000000000000E+05
    0.204383805394172668457031250000000000000000E-01    0.253435566406250000000000000000000000000000E+05
    0.208512637764215469360351562500000000000000E-01    0.252142187500000000000000000000000000000000E+05
    0.212724860757589340209960937500000000000000E-01    0.250724433593750000000000000000000000000000E+05
    0.217022281140089035034179687500000000000000E-01    0.249181875000000000000000000000000000000000E+05
    0.221406426280736923217773437500000000000000E-01    0.247514335937500000000000000000000000000000E+05
    0.225879121571779251098632812500000000000000E-01    0.245721855468750000000000000000000000000000E+05
    0.230442192405462265014648437500000000000000E-01    0.243804804687500000000000000000000000000000E+05
    0.235097426921129226684570312500000000000000E-01    0.241763789062500000000000000000000000000000E+05
    0.239846706390380859375000000000000000000000E-01    0.239601582031250000000000000000000000000000E+05
    0.244691912084817886352539062500000000000000E-01    0.237323320312500000000000000000000000000000E+05
    0.249635018408298492431640625000000000000000E-01    0.234934316406250000000000000000000000000000E+05
    0.254677981138229370117187500000000000000000E-01    0.232440058593750000000000000000000000000000E+05
    0.259822811931371688842773437500000000000000E-01    0.229846035156250000000000000000000000000000E+05
    0.265071578323841094970703125000000000000000E-01    0.227157773437500000000000000000000000000000E+05
    0.270426385104656219482421875000000000000000E-01    0.224378671875000000000000000000000000000000E+05
    0.275889337062835693359375000000000000000000E-01    0.221506953125000000000000000000000000000000E+05
    0.281462669372558593750000000000000000000000E-01    0.218540605468750000000000000000000000000000E+05
    0.287148579955101013183593750000000000000000E-01    0.215478046875000000000000000000000000000000E+05
    0.292949359863996505737304687500000000000000E-01    0.212318105468750000000000000000000000000000E+05
    0.298867337405681610107421875000000000000000E-01    0.209060175781250000000000000000000000000000E+05
    0.304904840886592864990234375000000000000000E-01    0.205709492187500000000000000000000000000000E+05
    0.311064328998327255249023437500000000000000E-01    0.202297421875000000000000000000000000000000E+05
    0.317348241806030273437500000000000000000000E-01    0.198861562500000000000000000000000000000000E+05
    0.323759093880653381347656250000000000000000E-01    0.195437265625000000000000000000000000000000E+05
    0.330299474298954010009765625000000000000000E-01    0.192057539062500000000000000000000000000000E+05
    0.336971953511238098144531250000000000000000E-01    0.188753183593750000000000000000000000000000E+05
    0.343779213726520538330078125000000000000000E-01    0.185549843750000000000000000000000000000000E+05
    0.350724011659622192382812500000000000000000E-01    0.182438515625000000000000000000000000000000E+05
    0.357809104025363922119140625000000000000000E-01    0.179390644531250000000000000000000000000000E+05
    0.365037508308887481689453125000000000000000E-01    0.176379218750000000000000000000000000000000E+05
    0.372411720454692840576171875000000000000000E-01    0.173378945312500000000000000000000000000000E+05
    0.379934944212436676025390625000000000000000E-01    0.170366289062500000000000000000000000000000E+05
    0.387610122561454772949218750000000000000000E-01    0.167319902343750000000000000000000000000000E+05
    0.395440347492694854736328125000000000000000E-01    0.164235703125000000000000000000000000000000E+05
    0.403428785502910614013671875000000000000000E-01    0.161128505859375000000000000000000000000000E+05
    0.411578565835952758789062500000000000000000E-01    0.158013281250000000000000000000000000000000E+05
    0.419893004000186920166015625000000000000000E-01    0.154904082031250000000000000000000000000000E+05
    0.428375415503978729248046875000000000000000E-01    0.151814003906250000000000000000000000000000E+05
    0.437029153108596801757812500000000000000000E-01    0.148755214843750000000000000000000000000000E+05
    0.445857718586921691894531250000000000000000E-01    0.145745380859375000000000000000000000000000E+05
    0.454864650964736938476562500000000000000000E-01    0.142815507812500000000000000000000000000000E+05
    0.464053489267826080322265625000000000000000E-01    0.139996162109375000000000000000000000000000E+05
    0.473427996039390563964843750000000000000000E-01    0.137315419921875000000000000000000000000000E+05
    0.482991859316825866699218750000000000000000E-01    0.134799150390625000000000000000000000000000E+05
    0.492748916149139404296875000000000000000000E-01    0.132471308593750000000000000000000000000000E+05
    0.502703115344047546386718750000000000000000E-01    0.130346494140625000000000000000000000000000E+05
    0.512858368456363677978515625000000000000000E-01    0.128400449218750000000000000000000000000000E+05
    0.523218810558319091796875000000000000000000E-01    0.126599101562500000000000000000000000000000E+05
    0.533788502216339111328125000000000000000000E-01    0.124910439453125000000000000000000000000000E+05
    0.544571764767169952392578125000000000000000E-01    0.123304267578125000000000000000000000000000E+05
    0.555572807788848876953125000000000000000000E-01    0.121751933593750000000000000000000000000000E+05
    0.566796138882637023925781250000000000000000E-01    0.120226757812500000000000000000000000000000E+05
    0.578246153891086578369140625000000000000000E-01    0.118709150390625000000000000000000000000000E+05
    0.589927472174167633056640625000000000000000E-01    0.117184062500000000000000000000000000000000E+05
    0.601844787597656250000000000000000000000000E-01    0.115637265625000000000000000000000000000000E+05
    0.614003166556358337402343750000000000000000E-01    0.114055361328125000000000000000000000000000E+05
    0.626406818628311157226562500000000000000000E-01    0.112425771484375000000000000000000000000000E+05
    0.639061108231544494628906250000000000000000E-01    0.110737031250000000000000000000000000000000E+05
    0.651970952749252319335937500000000000000000E-01    0.108985937500000000000000000000000000000000E+05
    0.665141642093658447265625000000000000000000E-01    0.107178466796875000000000000000000000000000E+05
    0.678578317165374755859375000000000000000000E-01    0.105320976562500000000000000000000000000000E+05
    0.692286565899848937988281250000000000000000E-01    0.103419716796875000000000000000000000000000E+05
    0.706271678209304809570312500000000000000000E-01    0.101480791015625000000000000000000000000000E+05
    0.720539242029190063476562500000000000000000E-01    0.995054492187500000000000000000000000000000E+04
    0.735095068812370300292968750000000000000000E-01    0.974699902343750000000000000000000000000000E+04
    0.749944970011711120605468750000000000000000E-01    0.953446386718750000000000000000000000000000E+04
    0.765094906091690063476562500000000000000000E-01    0.931028906250000000000000000000000000000000E+04
    0.780550837516784667968750000000000000000000E-01    0.907218359375000000000000000000000000000000E+04
    0.796318948268890380859375000000000000000000E-01    0.881895703125000000000000000000000000000000E+04
    0.812405645847320556640625000000000000000000E-01    0.855333789062500000000000000000000000000000E+04
    0.828817337751388549804687500000000000000000E-01    0.827908691406250000000000000000000000000000E+04
    0.845560505986213684082031250000000000000000E-01    0.799969140625000000000000000000000000000000E+04
    0.862641930580139160156250000000000000000000E-01    0.771834130859375000000000000000000000000000E+04
    0.880068466067314147949218750000000000000000E-01    0.743831201171875000000000000000000000000000E+04
    0.897847041487693786621093750000000000000000E-01    0.716303125000000000000000000000000000000000E+04
    0.915984734892845153808593750000000000000000E-01    0.689550390625000000000000000000000000000000E+04
    0.934488773345947265625000000000000000000000E-01    0.663829492187500000000000000000000000000000E+04
    0.953366756439208984375000000000000000000000E-01    0.639355078125000000000000000000000000000000E+04
    0.972625985741615295410156250000000000000000E-01    0.616302880859375000000000000000000000000000E+04
    0.992274358868598937988281250000000000000000E-01    0.594817773437500000000000000000000000000000E+04
    0.101232007145881652832031250000000000000000E+00    0.575018261718750000000000000000000000000000E+04
    0.103277020156383514404296875000000000000000E+00    0.556951708984375000000000000000000000000000E+04
    0.105363354086875915527343750000000000000000E+00    0.540590234375000000000000000000000000000000E+04
    0.107491828501224517822265625000000000000000E+00    0.525904003906250000000000000000000000000000E+04
    0.109663315117359161376953125000000000000000E+00    0.512847509765625000000000000000000000000000E+04
    0.111878655850887298583984375000000000000000E+00    0.501248925781250000000000000000000000000000E+04
    0.114138752222061157226562500000000000000000E+00    0.490900830078125000000000000000000000000000E+04
    0.116444505751132965087890625000000000000000E+00    0.481610107421875000000000000000000000000000E+04
    0.118796832859516143798828125000000000000000E+00    0.473075830078125000000000000000000000000000E+04
    0.121196687221527099609375000000000000000000E+00    0.464896679687500000000000000000000000000000E+04
    0.123645029962062835693359375000000000000000E+00    0.456693554687500000000000000000000000000000E+04
    0.126142814755439758300781250000000000000000E+00    0.448120556640625000000000000000000000000000E+04
    0.128691077232360839843750000000000000000000E+00    0.438867871093750000000000000000000000000000E+04
    0.131290808320045471191406250000000000000000E+00    0.428660107421875000000000000000000000000000E+04
    0.133943051099777221679687500000000000000000E+00    0.417356103515625000000000000000000000000000E+04
    0.136648878455162048339843750000000000000000E+00    0.404954736328125000000000000000000000000000E+04
    0.139409363269805908203125000000000000000000E+00    0.391490551757812500000000000000000000000000E+04
    0.142225623130798339843750000000000000000000E+00    0.377122827148437500000000000000000000000000E+04
    0.145098760724067687988281250000000000000000E+00    0.362076342773437500000000000000000000000000E+04
    0.148029953241348266601562500000000000000000E+00    0.346620898437500000000000000000000000000000E+04
    0.151020348072052001953125000000000000000000E+00    0.331188183593750000000000000000000000000000E+04
    0.154071167111396789550781250000000000000000E+00    0.316189453125000000000000000000000000000000E+04
    0.157183602452278137207031250000000000000000E+00    0.302033544921875000000000000000000000000000E+04
    0.160358920693397521972656250000000000000000E+00    0.289110742187500000000000000000000000000000E+04
    0.163598373532295227050781250000000000000000E+00    0.277659814453125000000000000000000000000000E+04
    0.166903272271156311035156250000000000000000E+00    0.267687988281250000000000000000000000000000E+04
    0.170275032520294189453125000000000000000000E+00    0.259143847656250000000000000000000000000000E+04
    0.173714801669120788574218750000000000000000E+00    0.251824902343750000000000000000000000000000E+04
    0.177224084734916687011718750000000000000000E+00    0.245495361328125000000000000000000000000000E+04
    0.180804237723350524902343750000000000000000E+00    0.239865551757812500000000000000000000000000E+04
    0.184456720948219299316406250000000000000000E+00    0.234623437500000000000000000000000000000000E+04
    0.188182994723320007324218750000000000000000E+00    0.229389086914062500000000000000000000000000E+04
    0.191984534263610839843750000000000000000000E+00    0.223762402343750000000000000000000000000000E+04
    0.195862874388694763183593750000000000000000E+00    0.217475341796875000000000000000000000000000E+04
    0.199819564819335937500000000000000000000000E+00    0.210378564453125000000000000000000000000000E+04
    0.203856185078620910644531250000000000000000E+00    0.202546838378906250000000000000000000000000E+04
    0.207974359393119812011718750000000000000000E+00    0.194176245117187500000000000000000000000000E+04
    0.212175697088241577148437500000000000000000E+00    0.185539672851562500000000000000000000000000E+04
    0.216461926698684692382812500000000000000000E+00    0.176958129882812500000000000000000000000000E+04
    0.220834761857986450195312500000000000000000E+00    0.168844885253906250000000000000000000000000E+04
    0.225295916199684143066406250000000000000000E+00    0.161476892089843750000000000000000000000000E+04
    0.229847192764282226562500000000000000000000E+00    0.154966809082031250000000000000000000000000E+04
    0.234490394592285156250000000000000000000000E+00    0.149394165039062500000000000000000000000000E+04
    0.239227414131164550781250000000000000000000E+00    0.144654516601562500000000000000000000000000E+04
    0.244060128927230834960937500000000000000000E+00    0.140463232421875000000000000000000000000000E+04
    0.248990446329116821289062500000000000000000E+00    0.136558117675781250000000000000000000000000E+04
    0.254020392894744873046875000000000000000000E+00    0.132684448242187500000000000000000000000000E+04
    0.259151935577392578125000000000000000000000E+00    0.128595434570312500000000000000000000000000E+04
    0.264387160539627075195312500000000000000000E+00    0.124087658691406250000000000000000000000000E+04
    0.269728124141693115234375000000000000000000E+00    0.119195629882812500000000000000000000000000E+04
    0.275177001953125000000000000000000000000000E+00    0.114124987792968750000000000000000000000000E+04
    0.280736058950424194335937500000000000000000E+00    0.109064123535156250000000000000000000000000E+04
    0.286407291889190673828125000000000000000000E+00    0.104213378906250000000000000000000000000000E+04
    0.292193114757537841796875000000000000000000E+00    0.997671325683593750000000000000000000000000E+03
    0.298095792531967163085937500000000000000000E+00    0.958689514160156250000000000000000000000000E+03
    0.304117560386657714843750000000000000000000E+00    0.924479553222656250000000000000000000000000E+03
    0.310261309146881103515625000000000000000000E+00    0.893273132324218750000000000000000000000000E+03
    0.316528826951980590820312500000000000000000E+00    0.863517944335937500000000000000000000000000E+03
    0.322923272848129272460937500000000000000000E+00    0.833897521972656250000000000000000000000000E+03
    0.329446613788604736328125000000000000000000E+00    0.803292480468750000000000000000000000000000E+03
    0.336102008819580078125000000000000000000000E+00    0.770991455078125000000000000000000000000000E+03
    0.342891573905944824218750000000000000000000E+00    0.738082275390625000000000000000000000000000E+03
    0.349818587303161621093750000000000000000000E+00    0.706224853515625000000000000000000000000000E+03
    0.356885224580764770507812500000000000000000E+00    0.676659667968750000000000000000000000000000E+03
    0.364094972610473632812500000000000000000000E+00    0.649490112304687500000000000000000000000000E+03
    0.371450334787368774414062500000000000000000E+00    0.624450134277343750000000000000000000000000E+03
    0.378953933715820312500000000000000000000000E+00    0.601195312500000000000000000000000000000000E+03
    0.386609494686126708984375000000000000000000E+00    0.578884582519531250000000000000000000000000E+03
    0.394419312477111816406250000000000000000000E+00    0.556624694824218750000000000000000000000000E+03
    0.402387291193008422851562500000000000000000E+00    0.533907165527343750000000000000000000000000E+03
    0.410515844821929931640625000000000000000000E+00    0.511356109619140625000000000000000000000000E+03
    0.418809026479721069335937500000000000000000E+00    0.489775177001953125000000000000000000000000E+03
    0.427269339561462402343750000000000000000000E+00    0.469653350830078125000000000000000000000000E+03
    0.435900926589965820312500000000000000000000E+00    0.450754241943359375000000000000000000000000E+03
    0.444706469774246215820312500000000000000000E+00    0.432730987548828125000000000000000000000000E+03
    0.453690379858016967773437500000000000000000E+00    0.415340667724609375000000000000000000000000E+03
    0.462855309247970581054687500000000000000000E+00    0.398539031982421875000000000000000000000000E+03
    0.472205787897109985351562500000000000000000E+00    0.382316375732421875000000000000000000000000E+03
    0.481744766235351562500000000000000000000000E+00    0.366662353515625000000000000000000000000000E+03
    0.491476893424987792968750000000000000000000E+00    0.351565948486328125000000000000000000000000E+03
    0.501405119895935058593750000000000000000000E+00    0.337015655517578125000000000000000000000000E+03
    0.511534392833709716796875000000000000000000E+00    0.322999481201171875000000000000000000000000E+03
    0.521867811679840087890625000000000000000000E+00    0.309505126953125000000000000000000000000000E+03
    0.532410502433776855468750000000000000000000E+00    0.296519866943359375000000000000000000000000E+03
    0.543165624141693115234375000000000000000000E+00    0.284030792236328125000000000000000000000000E+03
    0.554138541221618652343750000000000000000000E+00    0.272024749755859375000000000000000000000000E+03
    0.565332591533660888671875000000000000000000E+00    0.260488464355468750000000000000000000000000E+03
    0.576753377914428710937500000000000000000000E+00    0.249408584594726562500000000000000000000000E+03
    0.588404297828674316406250000000000000000000E+00    0.238771697998046875000000000000000000000000E+03
    0.600291073322296142578125000000000000000000E+00    0.228564361572265625000000000000000000000000E+03
    0.612418055534362792968750000000000000000000E+00    0.218773239135742187500000000000000000000000E+03
    0.624789416790008544921875000000000000000000E+00    0.209384948730468750000000000000000000000000E+03
    0.637411236763000488281250000000000000000000E+00    0.200384933471679687500000000000000000000000E+03
    0.650287508964538574218750000000000000000000E+00    0.191757492065429687500000000000000000000000E+03
    0.663424491882324218750000000000000000000000E+00    0.183487396240234375000000000000000000000000E+03
    0.676826238632202148437500000000000000000000E+00    0.175560119628906250000000000000000000000000E+03
    0.690499365329742431640625000000000000000000E+00    0.167961700439453125000000000000000000000000E+03
    0.704448044300079345703125000000000000000000E+00    0.160678756713867187500000000000000000000000E+03
    0.718679130077362060546875000000000000000000E+00    0.153698455810546875000000000000000000000000E+03
    0.733197033405303955078125000000000000000000E+00    0.147008499145507812500000000000000000000000E+03
    0.748008966445922851562500000000000000000000E+00    0.140597091674804687500000000000000000000000E+03
    0.763119339942932128906250000000000000000000E+00    0.134452911376953125000000000000000000000000E+03
    0.778535783290863037109375000000000000000000E+00    0.128565109252929687500000000000000000000000E+03
    0.794262826442718505859375000000000000000000E+00    0.122923271179199218750000000000000000000000E+03
    0.810308396816253662109375000000000000000000E+00    0.117517410278320312500000000000000000000000E+03
    0.826677322387695312500000000000000000000000E+00    0.112337951660156250000000000000000000000000E+03
    0.843377590179443359375000000000000000000000E+00    0.107375694274902343750000000000000000000000E+03
    0.860414624214172363281250000000000000000000E+00    0.102621826171875000000000000000000000000000E+03
    0.877796530723571777343750000000000000000000E+00    0.980678939819335937500000000000000000000000E+02
    0.895528674125671386718750000000000000000000E+00    0.937058563232421875000000000000000000000000E+02
    0.913619995117187500000000000000000000000000E+00    0.895280380249023437500000000000000000000000E+02
    0.932075977325439453125000000000000000000000E+00    0.855270385742187500000000000000000000000000E+02
    0.950905561447143554687500000000000000000000E+00    0.816957550048828125000000000000000000000000E+02
    0.970114648342132568359375000000000000000000E+00    0.780273590087890625000000000000000000000000E+02
    0.989712655544281005859375000000000000000000E+00    0.745152587890625000000000000000000000000000E+02
    0.100970673561096191406250000000000000000000E+01    0.711531524658203125000000000000000000000000E+02
    0.103010356426239013671875000000000000000000E+01    0.679349517822265625000000000000000000000000E+02
    0.105091357231140136718750000000000000000000E+01    0.648548202514648437500000000000000000000000E+02
    0.107214283943176269531250000000000000000000E+01    0.619071388244628906250000000000000000000000E+02
    0.109380209445953369140625000000000000000000E+01    0.590865058898925781250000000000000000000000E+02
    0.111589777469635009765625000000000000000000E+01    0.563877296447753906250000000000000000000000E+02
    0.113844096660614013671875000000000000000000E+01    0.538058204650878906250000000000000000000000E+02
    0.116143846511840820312500000000000000000000E+01    0.513359909057617187500000000000000000000000E+02
    0.118490159511566162109375000000000000000000E+01    0.489736251831054687500000000000000000000000E+02
    0.120883750915527343750000000000000000000000E+01    0.467142982482910156250000000000000000000000E+02
    0.123325824737548828125000000000000000000000E+01    0.445537490844726562500000000000000000000000E+02
    0.125817120075225830078125000000000000000000E+01    0.424878807067871093750000000000000000000000E+02
    0.128358840942382812500000000000000000000000E+01    0.405127563476562500000000000000000000000000E+02
    0.130951797962188720703125000000000000000000E+01    0.386245956420898437500000000000000000000000E+02
    0.133597266674041748046875000000000000000000E+01    0.368197593688964843750000000000000000000000E+02
    0.136296045780181884765625000000000000000000E+01    0.350947723388671875000000000000000000000000E+02
    0.139049470424652099609375000000000000000000E+01    0.334462776184082031250000000000000000000000E+02
    0.141858386993408203125000000000000000000000E+01    0.318710632324218750000000000000000000000000E+02
    0.144724178314208984375000000000000000000000E+01    0.303660488128662109375000000000000000000000E+02
    0.147647726535797119140625000000000000000000E+01    0.289282684326171875000000000000000000000000E+02
    0.150630474090576171875000000000000000000000E+01    0.275548801422119140625000000000000000000000E+02
    0.153673338890075683593750000000000000000000E+01    0.262431583404541015625000000000000000000000E+02
    0.156777822971343994140625000000000000000000E+01    0.249904804229736328125000000000000000000000E+02
    0.159944856166839599609375000000000000000000E+01    0.237943344116210937500000000000000000000000E+02
    0.163176035881042480468750000000000000000000E+01    0.226523094177246093750000000000000000000000E+02
    0.166472315788269042968750000000000000000000E+01    0.215620918273925781250000000000000000000000E+02
    0.169835364818572998046875000000000000000000E+01    0.205214519500732421875000000000000000000000E+02
    0.173266339302062988281250000000000000000000E+01    0.195280036926269531250000000000000000000000E+02
    0.176766479015350341796875000000000000000000E+01    0.185792007446289062500000000000000000000000E+02
    0.180337476730346679687500000000000000000000E+01    0.176726646423339843750000000000000000000000E+02
    0.183980441093444824218750000000000000000000E+01    0.168061943054199218750000000000000000000000E+02
    0.187697184085845947265625000000000000000000E+01    0.159777450561523437500000000000000000000000E+02
    0.191488826274871826171875000000000000000000E+01    0.151854200363159179687500000000000000000000E+02
    0.195357239246368408203125000000000000000000E+01    0.144274578094482421875000000000000000000000E+02
    0.199303627014160156250000000000000000000000E+01    0.137022199630737304687500000000000000000000E+02
    0.203329920768737792968750000000000000000000E+01    0.130081834793090820312500000000000000000000E+02
    0.207437348365783691406250000000000000000000E+01    0.123439283370971679687500000000000000000000E+02
    0.211627960205078125000000000000000000000000E+01    0.117081317901611328125000000000000000000000E+02
    0.215903019905090332031250000000000000000000E+01    0.110995597839355468750000000000000000000000E+02
    0.220264649391174316406250000000000000000000E+01    0.105170593261718750000000000000000000000000E+02
    0.224714183807373046875000000000000000000000E+01    0.995954990386962890625000000000000000000000E+01
    0.229253816604614257812500000000000000000000E+01    0.942602157592773437500000000000000000000000E+01
    0.233884930610656738281250000000000000000000E+01    0.891552352905273437500000000000000000000000E+01
    0.238609838485717773437500000000000000000000E+01    0.842722511291503906250000000000000000000000E+01
    0.243429946899414062500000000000000000000000E+01    0.796081495285034179687500000000000000000000E+01
    0.248347663879394531250000000000000000000000E+01    0.751613903045654296875000000000000000000000E+01
    0.253364515304565429687500000000000000000000E+01    0.709293031692504882812500000000000000000000E+01
    0.258482933044433593750000000000000000000000E+01    0.669082260131835937500000000000000000000000E+01
    0.263704490661621093750000000000000000000000E+01    0.630936288833618164062500000000000000000000E+01
    0.269031810760498046875000000000000000000000E+01    0.594802713394165039062500000000000000000000E+01
    0.274466466903686523437500000000000000000000E+01    0.560623311996459960937500000000000000000000E+01
    0.280011177062988281250000000000000000000000E+01    0.528334999084472656250000000000000000000000E+01
    0.285667920112609863281250000000000000000000E+01    0.497871112823486328125000000000000000000000E+01
    0.291438651084899902343750000000000000000000E+01    0.469162225723266601562500000000000000000000E+01
    0.297326231002807617187500000000000000000000E+01    0.442137145996093750000000000000000000000000E+01
    0.303332471847534179687500000000000000000000E+01    0.416723632812500000000000000000000000000000E+01
    0.309460353851318359375000000000000000000000E+01    0.392848992347717285156250000000000000000000E+01
    0.315711688995361328125000000000000000000000E+01    0.370440864562988281250000000000000000000000E+01
    0.322089648246765136718750000000000000000000E+01    0.349427509307861328125000000000000000000000E+01
    0.328596115112304687500000000000000000000000E+01    0.329738426208496093750000000000000000000000E+01
    0.335234355926513671875000000000000000000000E+01    0.311297082901000976562500000000000000000000E+01
    0.342006349563598632812500000000000000000000E+01    0.294008779525756835937500000000000000000000E+01
    0.348915529251098632812500000000000000000000E+01    0.277783131599426269531250000000000000000000E+01
    0.355963897705078125000000000000000000000000E+01    0.262538146972656250000000000000000000000000E+01
    0.363155031204223632812500000000000000000000E+01    0.248199248313903808593750000000000000000000E+01
    0.370491051673889160156250000000000000000000E+01    0.234698677062988281250000000000000000000000E+01
    0.377975654602050781250000000000000000000000E+01    0.221974754333496093750000000000000000000000E+01
    0.385611033439636230468750000000000000000000E+01    0.209971237182617187500000000000000000000000E+01
    0.393401122093200683593750000000000000000000E+01    0.198636925220489501953125000000000000000000E+01
    0.401348161697387695312500000000000000000000E+01    0.187925052642822265625000000000000000000000E+01
    0.409456062316894531250000000000000000000000E+01    0.177792930603027343750000000000000000000000E+01
    0.417727470397949218750000000000000000000000E+01    0.168201565742492675781250000000000000000000E+01
    0.426166296005249023437500000000000000000000E+01    0.159115278720855712890625000000000000000000E+01
    0.434775209426879882812500000000000000000000E+01    0.150501430034637451171875000000000000000000E+01
    0.443558454513549804687500000000000000000000E+01    0.142330145835876464843750000000000000000000E+01
    0.452518701553344726562500000000000000000000E+01    0.134574043750762939453125000000000000000000E+01
    0.461660432815551757812500000000000000000000E+01    0.127208077907562255859375000000000000000000E+01
    0.470986795425415039062500000000000000000000E+01    0.120212316513061523437500000000000000000000E+01
    0.480501127243041992187500000000000000000000E+01    0.113571512699127197265625000000000000000000E+01
    0.490208053588867187500000000000000000000000E+01    0.107270908355712890625000000000000000000000E+01
    0.500110673904418945312500000000000000000000E+01    0.101296091079711914062500000000000000000000E+01
    0.510213851928710937500000000000000000000000E+01    0.956329643726348876953125000000000000000000E+00
    0.520520591735839843750000000000000000000000E+01    0.902677953243255615234375000000000000000000E+00
    0.531036043167114257812500000000000000000000E+01    0.851871967315673828125000000000000000000000E+00
    0.541763401031494140625000000000000000000000E+01    0.803781688213348388671875000000000000000000E+00
    0.552708053588867187500000000000000000000000E+01    0.758281171321868896484375000000000000000000E+00
    0.563873195648193359375000000000000000000000E+01    0.715248346328735351562500000000000000000000E+00
    0.575264453887939453125000000000000000000000E+01    0.674565017223358154296875000000000000000000E+00
    0.586885261535644531250000000000000000000000E+01    0.636117398738861083984375000000000000000000E+00
    0.598741388320922851562500000000000000000000E+01    0.599795520305633544921875000000000000000000E+00
    0.610836458206176757812500000000000000000000E+01    0.565493583679199218750000000000000000000000E+00
    0.623176479339599609375000000000000000000000E+01    0.533109903335571289062500000000000000000000E+00
    0.635765171051025390625000000000000000000000E+01    0.502546668052673339843750000000000000000000E+00
    0.648608779907226562500000000000000000000000E+01    0.473709642887115478515625000000000000000000E+00
    0.661711215972900390625000000000000000000000E+01    0.446504861116409301757812500000000000000000E+00
    0.675078964233398437500000000000000000000000E+01    0.420841187238693237304687500000000000000000E+00
    0.688716173171997070312500000000000000000000E+01    0.396632611751556396484375000000000000000000E+00
    0.702629423141479492187500000000000000000000E+01    0.373797774314880371093750000000000000000000E+00
    0.716823101043701171875000000000000000000000E+01    0.352259874343872070312500000000000000000000E+00
    0.731304264068603515625000000000000000000000E+01    0.331946223974227905273437500000000000000000E+00
    0.746077251434326171875000000000000000000000E+01    0.312788277864456176757812500000000000000000E+00
    0.761149358749389648437500000000000000000000E+01    0.294721156358718872070312500000000000000000E+00
    0.776525211334228515625000000000000000000000E+01    0.277683675289154052734375000000000000000000E+00
    0.792212390899658203125000000000000000000000E+01    0.261617958545684814453125000000000000000000E+00
    0.808216571807861328125000000000000000000000E+01    0.246469333767890930175781250000000000000000E+00
    0.824543190002441406250000000000000000000000E+01    0.232186213135719299316406250000000000000000E+00
    0.841200447082519531250000000000000000000000E+01    0.218719810247421264648437500000000000000000E+00
    0.858193302154541015625000000000000000000000E+01    0.206024095416069030761718750000000000000000E+00
    0.875530433654785156250000000000000000000000E+01    0.194055572152137756347656250000000000000000E+00
    0.893216896057128906250000000000000000000000E+01    0.182773143053054809570312500000000000000000E+00
    0.911261463165283203125000000000000000000000E+01    0.172138109803199768066406250000000000000000E+00
    0.929669761657714843750000000000000000000000E+01    0.162114024162292480468750000000000000000000E+00
    0.948450660705566406250000000000000000000000E+01    0.152666538953781127929687500000000000000000E+00
    0.967610168457031250000000000000000000000000E+01    0.143763095140457153320312500000000000000000E+00
    0.987157726287841796875000000000000000000000E+01    0.135373011231422424316406250000000000000000E+00
    0.100709915161132812500000000000000000000000E+02    0.127467200160026550292968750000000000000000E+00
    0.102744436264038085937500000000000000000000E+02    0.120018236339092254638671875000000000000000E+00
    0.104819955825805664062500000000000000000000E+02    0.113000191748142242431640625000000000000000E+00
    0.106937503814697265625000000000000000000000E+02    0.106388561427593231201171875000000000000000E+00
    0.109097728729248046875000000000000000000000E+02    0.100160203874111175537109375000000000000000E+00
    0.111301708221435546875000000000000000000000E+02    0.942932590842247009277343750000000000000000E-01
    0.113550090789794921875000000000000000000000E+02    0.887671038508415222167968750000000000000000E-01
    0.115844011306762695312500000000000000000000E+02    0.835622325539588928222656250000000000000000E-01
    0.118184156417846679687500000000000000000000E+02    0.786602422595024108886718750000000000000000E-01
    0.120571689605712890625000000000000000000000E+02    0.740437731146812438964843750000000000000000E-01
    0.123007345199584960937500000000000000000000E+02    0.696964263916015625000000000000000000000000E-01
    0.125492305755615234375000000000000000000000E+02    0.656027197837829589843750000000000000000000E-01
    0.128027353286743164062500000000000000000000E+02    0.617480762302875518798828125000000000000000E-01
    0.130613737106323242187500000000000000000000E+02    0.581187754869461059570312500000000000000000E-01
    0.133252372741699218750000000000000000000000E+02    0.547018572688102722167968750000000000000000E-01
    0.135944185256958007812500000000000000000000E+02    0.514850802719593048095703125000000000000000E-01
    0.138690500259399414062500000000000000000000E+02    0.484568960964679718017578125000000000000000E-01
    0.141492166519165039062500000000000000000000E+02    0.456064008176326751708984375000000000000000E-01
    0.144350557327270507812500000000000000000000E+02    0.429233126342296600341796875000000000000000E-01
    0.147266559600830078125000000000000000000000E+02    0.403979159891605377197265625000000000000000E-01
    0.150241622924804687500000000000000000000000E+02    0.380210578441619873046875000000000000000000E-01
    0.153276624679565429687500000000000000000000E+02    0.357840955257415771484375000000000000000000E-01
    0.156373090744018554687500000000000000000000E+02    0.336788855493068695068359375000000000000000E-01
    0.159531946182250976562500000000000000000000E+02    0.316977389156818389892578125000000000000000E-01
    0.162754783630371093750000000000000000000000E+02    0.298334173858165740966796875000000000000000E-01
    0.166042575836181640625000000000000000000000E+02    0.280790850520133972167968750000000000000000E-01
    0.169396934509277343750000000000000000000000E+02    0.264283027499914169311523437500000000000000E-01
    0.172818889617919921875000000000000000000000E+02    0.248750057071447372436523437500000000000000E-01
    0.176310138702392578125000000000000000000000E+02    0.234134718775749206542968750000000000000000E-01
    0.179871768951416015625000000000000000000000E+02    0.220383256673812866210937500000000000000000E-01
    0.183505496978759765625000000000000000000000E+02    0.207445006817579269409179687500000000000000E-01
    0.187212448120117187500000000000000000000000E+02    0.195272266864776611328125000000000000000000E-01
    0.190994472503662109375000000000000000000000E+02    0.183820035308599472045898437500000000000000E-01
    0.194852733612060546875000000000000000000000E+02    0.173045918345451354980468750000000000000000E-01
    0.198789100646972656250000000000000000000000E+02    0.162909924983978271484375000000000000000000E-01
    0.202804813385009765625000000000000000000000E+02    0.153374439105391502380371093750000000000000E-01
    0.206901836395263671875000000000000000000000E+02    0.144403986632823944091796875000000000000000E-01
    0.211081428527832031250000000000000000000000E+02    0.135965170338749885559082031250000000000000E-01
    0.215345649719238281250000000000000000000000E+02    0.128026520833373069763183593750000000000000E-01
    0.219696025848388671875000000000000000000000E+02    0.120558412745594978332519531250000000000000E-01
    0.224134063720703125000000000000000000000000E+02    0.113532952964305877685546875000000000000000E-01
    0.228661975860595703125000000000000000000000E+02    0.106923878192901611328125000000000000000000E-01
    0.233281154632568359375000000000000000000000E+02    0.100706461817026138305664062500000000000000E-01
    0.237993831634521484375000000000000000000000E+02    0.948574207723140716552734375000000000000000E-02
    0.242801532745361328125000000000000000000000E+02    0.893548689782619476318359375000000000000000E-02
    0.247706546783447265625000000000000000000000E+02    0.841781590133905410766601562500000000000000E-02
    0.252710437774658203125000000000000000000000E+02    0.793077796697616577148437500000000000000000E-02
    0.257815628051757812500000000000000000000000E+02    0.747254071757197380065917968750000000000000E-02
    0.263023719787597656250000000000000000000000E+02    0.704137887805700302124023437500000000000000E-02
    0.268337268829345703125000000000000000000000E+02    0.663567241281270980834960937500000000000000E-02
    0.273757934570312500000000000000000000000000E+02    0.625389814376831054687500000000000000000000E-02
    0.279288311004638671875000000000000000000000E+02    0.589462555944919586181640625000000000000000E-02
    0.284930171966552734375000000000000000000000E+02    0.555650889873504638671875000000000000000000E-02
    0.290686283111572265625000000000000000000000E+02    0.523828389123082160949707031250000000000000E-02
    0.296558399200439453125000000000000000000000E+02    0.493876310065388679504394531250000000000000E-02
    0.302549400329589843750000000000000000000000E+02    0.465682893991470336914062500000000000000000E-02
    0.308661155700683593750000000000000000000000E+02    0.439143273979425430297851562500000000000000E-02
    0.314896678924560546875000000000000000000000E+02    0.414158729836344718933105468750000000000000E-02
    0.321257820129394531250000000000000000000000E+02    0.390636641532182693481445312500000000000000E-02
    0.327747840881347656250000000000000000000000E+02    0.368489883840084075927734375000000000000000E-02
    0.334368629455566406250000000000000000000000E+02    0.347636546939611434936523437500000000000000E-02
    0.341123466491699218750000000000000000000000E+02    0.327999657019972801208496093750000000000000E-02
    0.348014411926269531250000000000000000000000E+02    0.309506338089704513549804687500000000000000E-02
    0.355044975280761718750000000000000000000000E+02    0.292087555862963199615478515625000000000000E-02
    0.362217178344726562500000000000000000000000E+02    0.275678583420813083648681640625000000000000E-02
    0.369534606933593750000000000000000000000000E+02    0.260218768380582332611083984375000000000000E-02
    0.376999855041503906250000000000000000000000E+02    0.245651183649897575378417968750000000000000E-02
    0.384615592956542968750000000000000000000000E+02    0.231922534294426441192626953125000000000000E-02
    0.392385520935058593750000000000000000000000E+02    0.218982761725783348083496093750000000000000E-02
    0.400312004089355468750000000000000000000000E+02    0.206784950569272041320800781250000000000000E-02
    0.408399047851562500000000000000000000000000E+02    0.195285095833241939544677734375000000000000E-02
    0.416649055480957031250000000000000000000000E+02    0.184441870078444480895996093750000000000000E-02
    0.425066108703613281250000000000000000000000E+02    0.174216495361179113388061523437500000000000E-02
    0.433652801513671875000000000000000000000000E+02    0.164572591893374919891357421875000000000000E-02
    0.442413406372070312500000000000000000000000E+02    0.155475991778075695037841796875000000000000E-02
    0.451350479125976562500000000000000000000000E+02    0.146894610952585935592651367187500000000000E-02
    0.460468597412109375000000000000000000000000E+02    0.138798309490084648132324218750000000000000E-02
    0.469770469665527343750000000000000000000000E+02    0.131158786825835704803466796875000000000000E-02
    0.479260635375976562500000000000000000000000E+02    0.123949453700333833694458007812500000000000E-02
    0.488942108154296875000000000000000000000000E+02    0.117145199328660964965820312500000000000000E-02
    0.498819656372070312500000000000000000000000E+02    0.110722391400486230850219726562500000000000E-02
    0.508896217346191406250000000000000000000000E+02    0.104658876080065965652465820312500000000000E-02
    0.519176826477050781250000000000000000000000E+02    0.989338033832609653472900390625000000000000E-03
    0.529664611816406250000000000000000000000000E+02    0.935276213567703962326049804687500000000000E-03
    0.540364799499511718750000000000000000000000E+02    0.884219480212777853012084960937500000000000E-03
    0.551280593872070312500000000000000000000000E+02    0.835995131637901067733764648437500000000000E-03
    0.562417488098144531250000000000000000000000E+02    0.790440768469125032424926757812500000000000E-03
    0.573778800964355468750000000000000000000000E+02    0.747403886634856462478637695312500000000000E-03
    0.585370178222656250000000000000000000000000E+02    0.706741004250943660736083984375000000000000E-03
    0.597195167541503906250000000000000000000000E+02    0.668317021336406469345092773437500000000000E-03
    0.609259529113769531250000000000000000000000E+02    0.632005161605775356292724609375000000000000E-03
    0.621567726135253906250000000000000000000000E+02    0.597685866523534059524536132812500000000000E-03
    0.634123916625976562500000000000000000000000E+02    0.565246853511780500411987304687500000000000E-03
    0.646934356689453125000000000000000000000000E+02    0.534582242835313081741333007812500000000000E-03
    0.660002975463867187500000000000000000000000E+02    0.505592499393969774246215820312500000000000E-03
    0.673336257934570312500000000000000000000000E+02    0.478183967061340808868408203125000000000000E-03
    0.686938171386718750000000000000000000000000E+02    0.452268752269446849822998046875000000000000E-03
    0.700815582275390625000000000000000000000000E+02    0.427764141932129859924316406250000000000000E-03
    0.714972610473632812500000000000000000000000E+02    0.404591992264613509178161621093750000000000E-03
    0.729416351318359375000000000000000000000000E+02    0.382678786991164088249206542968750000000000E-03
    0.744151153564453125000000000000000000000000E+02    0.361954997060820460319519042968750000000000E-03
    0.759184341430664062500000000000000000000000E+02    0.342355167958885431289672851562500000000000E-03
    0.774520568847656250000000000000000000000000E+02    0.323817483149468898773193359375000000000000E-03
    0.790167236328125000000000000000000000000000E+02    0.306283618556335568428039550781250000000000E-03
    0.806129302978515625000000000000000000000000E+02    0.289698538836091756820678710937500000000000E-03
    0.822414550781250000000000000000000000000000E+02    0.274010293651372194290161132812500000000000E-03
    0.839028015136718750000000000000000000000000E+02    0.259169813944026827812194824218750000000000E-03
    0.855977935791015625000000000000000000000000E+02    0.245130853727459907531738281250000000000000E-03
    0.873269348144531250000000000000000000000000E+02    0.231849684496410191059112548828125000000000E-03
    0.890910949707031250000000000000000000000000E+02    0.219285037019290030002593994140625000000000E-03
    0.908908081054687500000000000000000000000000E+02    0.207397941267117857933044433593750000000000E-03
    0.927269744873046875000000000000000000000000E+02    0.196151566342450678348541259765625000000000E-03
    0.946001358032226562500000000000000000000000E+02    0.185511205927468836307525634765625000000000E-03
    0.965112304687500000000000000000000000000000E+02    0.175444132764823734760284423828125000000000E-03
    0.984608383178710937500000000000000000000000E+02    0.165919380378909409046173095703125000000000E-03
    0.100449920654296875000000000000000000000000E+03    0.156907713972032070159912109375000000000000E-03
    0.102479194641113281250000000000000000000000E+03    0.148381441249512135982513427734375000000000E-03
    0.104549354553222656250000000000000000000000E+03    0.140314441523514688014984130859375000000000E-03
    0.106661445617675781250000000000000000000000E+03    0.132681947434321045875549316406250000000000E-03
    0.108816093444824218750000000000000000000000E+03    0.125460603157989680767059326171875000000000E-03
    0.111014373779296875000000000000000000000000E+03    0.118628253403585404157638549804687500000000E-03
    0.113256958007812500000000000000000000000000E+03    0.112164008896797895431518554687500000000000E-03
    0.115544944763183593750000000000000000000000E+03    0.106048064481001347303390502929687500000000E-03
    0.117879058837890625000000000000000000000000E+03    0.100261713669169694185256958007812500000000E-03
    0.120260421752929687500000000000000000000000E+03    0.947872467804700136184692382812500000000000E-04
    0.122689781188964843750000000000000000000000E+03    0.896079291123896837234497070312500000000000E-04
    0.125168350219726562500000000000000000000000E+03    0.847079063532873988151550292968750000000000E-04
    0.127696846008300781250000000000000000000000E+03    0.800721973064355552196502685546875000000000E-04
    0.130276565551757812500000000000000000000000E+03    0.756866138544864952564239501953125000000000E-04
    0.132908248901367187500000000000000000000000E+03    0.715377318556420505046844482421875000000000E-04
    0.135593231201171875000000000000000000000000E+03    0.676128329359926283359527587890625000000000E-04
    0.138332336425781250000000000000000000000000E+03    0.638998972135595977306365966796875000000000E-04
    0.141126892089843750000000000000000000000000E+03    0.603875378146767616271972656250000000000000E-04
    0.143977767944335937500000000000000000000000E+03    0.570650008739903569221496582031250000000000E-04
    0.146886383056640625000000000000000000000000E+03    0.539221000508405268192291259765625000000000E-04
    0.149853607177734375000000000000000000000000E+03    0.509492019773460924625396728515625000000000E-04
    0.152880935668945312500000000000000000000000E+03    0.481371898786164820194244384765625000000000E-04
    0.155969253540039062500000000000000000000000E+03    0.454774381069000810384750366210937500000000E-04
    0.159120101928710937500000000000000000000000E+03    0.429617830377537757158279418945312500000000E-04
    0.162334472656250000000000000000000000000000E+03    0.405825012421701103448867797851562500000000E-04
    0.165613922119140625000000000000000000000000E+03    0.383322803827468305826187133789062500000000E-04
    0.168959625244140625000000000000000000000000E+03    0.362042046617716550827026367187500000000000E-04
    0.172372741699218750000000000000000000000000E+03    0.341917220794130116701126098632812500000000E-04
    0.175854980468750000000000000000000000000000E+03    0.322886371577624231576919555664062500000000E-04
    0.179407409667968750000000000000000000000000E+03    0.304890836559934541583061218261718750000000E-04
    0.183031753540039062500000000000000000000000E+03    0.287875063804676756262779235839843750000000E-04
    0.186729156494140625000000000000000000000000E+03    0.271786320809042081236839294433593750000000E-04
    0.190501419067382812500000000000000000000000E+03    0.256574712693691253662109375000000000000000E-04
    0.194349700927734375000000000000000000000000E+03    0.242193036683602258563041687011718750000000E-04
    0.198275924682617187500000000000000000000000E+03    0.228596618399024009704589843750000000000000E-04
    0.202281250000000000000000000000000000000000E+03    0.215743239095900207757949829101562500000000E-04
    0.206367706298828125000000000000000000000000E+03    0.203592881007352843880653381347656250000000E-04
    0.210536499023437500000000000000000000000000E+03    0.192107745533576235175132751464843750000000E-04
    0.214789718627929687500000000000000000000000E+03    0.181252016773214563727378845214843750000000E-04
    0.219128646850585937500000000000000000000000E+03    0.170991825143573805689811706542968750000000E-04
    0.223555450439453125000000000000000000000000E+03    0.161295120051363483071327209472656250000000E-04
    0.228071472167968750000000000000000000000000E+03    0.152131551658385433256626129150390625000000E-04
    0.232678924560546875000000000000000000000000E+03    0.143472407216904684901237487792968750000000E-04
    0.237379211425781250000000000000000000000000E+03    0.135290511025232262909412384033203125000000E-04
    0.242174713134765625000000000000000000000000E+03    0.127560142573202028870582580566406250000000E-04
    0.247066848754882812500000000000000000000000E+03    0.120256954687647521495819091796875000000000E-04
    0.252058044433593750000000000000000000000000E+03    0.113357882582931779325008392333984375000000E-04
    0.257149810791015625000000000000000000000000E+03    0.106841134766000322997570037841796875000000E-04
    0.262344726562500000000000000000000000000000E+03    0.100686038422281853854656219482421875000000E-04
    0.267644287109375000000000000000000000000000E+03    0.948730667005293071269989013671875000000000E-05
    0.273051177978515625000000000000000000000000E+03    0.893837022886145859956741333007812500000000E-05
    0.278567047119140625000000000000000000000000E+03    0.842004283185815438628196716308593750000000E-05
    0.284194610595703125000000000000000000000000E+03    0.793066647020168602466583251953125000000000E-05
    0.289935882568359375000000000000000000000000E+03    0.746867135603679344058036804199218750000000E-05
    0.295792785644531250000000000000000000000000E+03    0.703257092027342878282070159912109375000000E-05
    0.301768341064453125000000000000000000000000E+03    0.662095817460794933140277862548828125000000E-05
    0.307864318847656250000000000000000000000000E+03    0.623250070930225774645805358886718750000000E-05
    0.314083740234375000000000000000000000000000E+03    0.586593841944704763591289520263671875000000E-05
    0.320428497314453125000000000000000000000000E+03    0.552007668375154025852680206298828125000000E-05
    0.326901702880859375000000000000000000000000E+03    0.519378636454348452389240264892578125000000E-05
    0.333505401611328125000000000000000000000000E+03    0.488599698655889369547367095947265625000000E-05
    0.340242828369140625000000000000000000000000E+03    0.459569628219469450414180755615234375000000E-05
    0.347116027832031250000000000000000000000000E+03    0.432192609878256916999816894531250000000000E-05
    0.354128387451171875000000000000000000000000E+03    0.406377967010485008358955383300781250000000E-05
    0.361282073974609375000000000000000000000000E+03    0.382040980184683576226234436035156250000000E-05
    0.368580627441406250000000000000000000000000E+03    0.359101522917626425623893737792968750000000E-05
    0.376026275634765625000000000000000000000000E+03    0.337483675139083061367273330688476562500000E-05
    0.383622650146484375000000000000000000000000E+03    0.317115291181835345923900604248046875000000E-05
    0.391372161865234375000000000000000000000000E+03    0.297927840620104689151048660278320312500000E-05
    0.399278594970703125000000000000000000000000E+03    0.279856340057449415326118469238281250000000E-05
    0.407344360351562500000000000000000000000000E+03    0.262839148490456864237785339355468750000000E-05
    0.415573425292968750000000000000000000000000E+03    0.246817739935067947953939437866210937500000E-05
    0.423968383789062500000000000000000000000000E+03    0.231736703426577150821685791015625000000000E-05
    0.432533294677734375000000000000000000000000E+03    0.217543470171221997588872909545898437500000E-05
    0.441270843505859375000000000000000000000000E+03    0.204188222596712876111268997192382812500000E-05
    0.450185302734375000000000000000000000000000E+03    0.191623757928027771413326263427734375000000E-05
    0.459279449462890625000000000000000000000000E+03    0.179805408606625860556960105895996093750000E-05
    0.468557678222656250000000000000000000000000E+03    0.168690849022823385894298553466796875000000E-05
    0.478023437500000000000000000000000000000000E+03    0.158240004566323477774858474731445312500000E-05
    0.487679901123046875000000000000000000000000E+03    0.148414972045429749414324760437011718750000E-05
    0.497531890869140625000000000000000000000000E+03    0.139180087899148929864168167114257812500000E-05
    0.507582427978515625000000000000000000000000E+03    0.130502223782968940213322639465332031250000E-05
    0.517836547851562500000000000000000000000000E+03    0.122349990760994842275977134704589843750000E-05
    0.528297302246093750000000000000000000000000E+03    0.114693546038324711844325065612792968750000E-05
    0.538969848632812500000000000000000000000000E+03    0.107504547486314550042152404785156250000000E-05
    0.549857482910156250000000000000000000000000E+03    0.100756096799159422516822814941406250000000E-05
    0.560965576171875000000000000000000000000000E+03    0.944226712817908264696598052978515625000000E-06
    0.572297607421875000000000000000000000000000E+03    0.884800726907997159287333488464355468750000E-06
    0.583859008789062500000000000000000000000000E+03    0.829053817597014131024479866027832031250000E-06
    0.595653442382812500000000000000000000000000E+03    0.776768899868329754099249839782714843750000E-06
    0.607686706542968750000000000000000000000000E+03    0.727740655293018789961934089660644531250000E-06
    0.619962463378906250000000000000000000000000E+03    0.681774736221996136009693145751953125000000E-06
    0.632486877441406250000000000000000000000000E+03    0.638687595255760243162512779235839843750000E-06
    0.645263610839843750000000000000000000000000E+03    0.598305689436529064550995826721191406250000E-06
    0.658299133300781250000000000000000000000000E+03    0.560465309717983473092317581176757812500000E-06
    0.671597290039062500000000000000000000000000E+03    0.525011785157403210178017616271972656250000E-06
    0.685164794921875000000000000000000000000000E+03    0.491799198698572581633925437927246093750000E-06
    0.699005676269531250000000000000000000000000E+03    0.460688738712633494287729263305664062500000E-06
    0.713126892089843750000000000000000000000000E+03    0.431548215829025139100849628448486328125000E-06
    0.727532653808593750000000000000000000000000E+03    0.404253569286083802580833435058593750000000E-06
    0.742230102539062500000000000000000000000000E+03    0.378688412183691980317234992980957031250000E-06
    0.757223754882812500000000000000000000000000E+03    0.354743718844474642537534236907958984375000E-06
    0.772521057128906250000000000000000000000000E+03    0.332317142692772904410958290100097656250000E-06
    0.788127380371093750000000000000000000000000E+03    0.311312845724387443624436855316162109375000E-06
    0.804048156738281250000000000000000000000000E+03    0.291640873228971031494438648223876953125000E-06
    0.820291442871093750000000000000000000000000E+03    0.273216983259771950542926788330078125000000E-06
    0.836861999511718750000000000000000000000000E+03    0.255962163464573677629232406616210937500000E-06
    0.853768066406250000000000000000000000000000E+03    0.239802403712019440717995166778564453125000E-06
    0.871014953613281250000000000000000000000000E+03    0.224668298187680193223059177398681640625000E-06
    0.888611083984375000000000000000000000000000E+03    0.210494818020379170775413513183593750000000E-06
    0.906562561035156250000000000000000000000000E+03    0.197221041275952302385121583938598632812500E-06
    0.924875000000000000000000000000000000000000E+03    0.184789868740153906401246786117553710937500E-06
    0.943559204101562500000000000000000000000000E+03    0.173147810755835962481796741485595703125000E-06
    0.962620788574218750000000000000000000000000E+03    0.162244688794999092351645231246948242187500E-06
    0.982067504882812500000000000000000000000000E+03    0.152033166500586958136409521102905273437500E-06
    0.100190509033203125000000000000000000000000E+04    0.142468735475631547160446643829345703125000E-06
    0.102214538574218750000000000000000000000000E+04    0.133509857391800323966890573501586914062500E-06
    0.104279455566406250000000000000000000000000E+04    0.125117693983156641479581594467163085937500E-06
    0.106386083984375000000000000000000000000000E+04    0.117255929410475800978019833564758300781250E-06
    0.108535070800781250000000000000000000000000E+04    0.109890649468979972880333662033081054687500E-06
    0.110727673339843750000000000000000000000000E+04    0.102990121320090111112222075462341308593750E-06
    0.112964575195312500000000000000000000000000E+04    0.965246940154429466929286718368530273437500E-07
    0.115246667480468750000000000000000000000000E+04    0.904666279666344053111970424652099609375000E-07
    0.117574621582031250000000000000000000000000E+04    0.847899883638092433102428913116455078125000E-07
    0.119949841308593750000000000000000000000000E+04    0.794705243833959684707224369049072265625000E-07
    0.122373059082031250000000000000000000000000E+04    0.744855483958417607937008142471313476562500E-07
    0.124845202636718750000000000000000000000000E+04    0.698138293842021084856241941452026367187500E-07
    0.127367065429687500000000000000000000000000E+04    0.654355147844398743472993373870849609375000E-07
    0.129940112304687500000000000000000000000000E+04    0.613320239040149317588657140731811523437500E-07
