    0.999999974737875163555145263671875000000000E-04    0.424269958496093750000000000000000000000000E+03
    0.102020130725577473640441894531250000000000E-03    0.432532836914062500000000000000000000000000E+03
    0.104081082099582999944686889648437500000000E-03    0.440956451416015625000000000000000000000000E+03
    0.106183659227099269628524780273437500000000E-03    0.449543975830078125000000000000000000000000E+03
    0.108328706119209527969360351562500000000000E-03    0.458298522949218750000000000000000000000000E+03
    0.110517095890827476978302001953125000000000E-03    0.467223358154296875000000000000000000000000E+03
    0.112749679828993976116180419921875000000000E-03    0.476321777343750000000000000000000000000000E+03
    0.115027374704368412494659423828125000000000E-03    0.485597106933593750000000000000000000000000E+03
    0.117351090011652559041976928710937500000000E-03    0.495052825927734375000000000000000000000000E+03
    0.119721727969590574502944946289062500000000E-03    0.504692352294921875000000000000000000000000E+03
    0.122140278108417987823486328125000000000000E-03    0.514519348144531250000000000000000000000000E+03
    0.124607671750709414482116699218750000000000E-03    0.524537292480468750000000000000000000000000E+03
    0.127124920254573225975036621093750000000000E-03    0.534750061035156250000000000000000000000000E+03
    0.129692998598329722881317138671875000000000E-03    0.545161254882812500000000000000000000000000E+03
    0.132312969071790575981140136718750000000000E-03    0.555774780273437500000000000000000000000000E+03
    0.134985879412852227687835693359375000000000E-03    0.566594482421875000000000000000000000000000E+03
    0.137712777359411120414733886718750000000000E-03    0.577624450683593750000000000000000000000000E+03
    0.140494754305109381675720214843750000000000E-03    0.588868652343750000000000000000000000000000E+03
    0.143332930747419595718383789062500000000000E-03    0.600331176757812500000000000000000000000000E+03
    0.146228456287644803524017333984375000000000E-03    0.612016418457031250000000000000000000000000E+03
    0.149182465975172817707061767578125000000000E-03    0.623928466796875000000000000000000000000000E+03
    0.152196153067052364349365234375000000000000E-03    0.636071838378906250000000000000000000000000E+03
    0.155270710820332169532775878906250000000000E-03    0.648450866699218750000000000000000000000000E+03
    0.158407390699721872806549072265625000000000E-03    0.661070190429687500000000000000000000000000E+03
    0.161607444169931113719940185546875000000000E-03    0.673934448242187500000000000000000000000000E+03
    0.164872122695669531822204589843750000000000E-03    0.687048278808593750000000000000000000000000E+03
    0.168202750501222908496856689453125000000000E-03    0.700416564941406250000000000000000000000000E+03
    0.171600666362792253494262695312500000000000E-03    0.714044128417968750000000000000000000000000E+03
    0.175067238160409033298492431640625000000000E-03    0.727935974121093750000000000000000000000000E+03
    0.178603833774104714393615722656250000000000E-03    0.742097229003906250000000000000000000000000E+03
    0.182211864739656448364257812500000000000000E-03    0.756533081054687500000000000000000000000000E+03
    0.185892800800502300262451171875000000000000E-03    0.771248779296875000000000000000000000000000E+03
    0.189648068044334650039672851562500000000000E-03    0.786249694824218750000000000000000000000000E+03
    0.193479223526082932949066162109375000000000E-03    0.801541320800781250000000000000000000000000E+03
    0.197387780644930899143218994140625000000000E-03    0.817129211425781250000000000000000000000000E+03
    0.201375267351977527141571044921875000000000E-03    0.833019165039062500000000000000000000000000E+03
    0.205443298909813165664672851562500000000000E-03    0.849216857910156250000000000000000000000000E+03
    0.209593548788689076900482177734375000000000E-03    0.865728271484375000000000000000000000000000E+03
    0.213827603147365152835845947265625000000000E-03    0.882559265136718750000000000000000000000000E+03
    0.218147222767584025859832763671875000000000E-03    0.899715942382812500000000000000000000000000E+03
    0.222554081119596958160400390625000000000000E-03    0.917204528808593750000000000000000000000000E+03
    0.227049968088977038860321044921875000000000E-03    0.935031311035156250000000000000000000000000E+03
    0.231636688113212585449218750000000000000000E-03    0.953202758789062500000000000000000000000000E+03
    0.236316060181707143783569335937500000000000E-03    0.971725341796875000000000000000000000000000E+03
    0.241089961491525173187255859375000000000000E-03    0.990605712890625000000000000000000000000000E+03
    0.245960312895476818084716796875000000000000E-03    0.100985076904296875000000000000000000000000E+04
    0.250929006142541766166687011718750000000000E-03    0.102946728515625000000000000000000000000000E+04
    0.255998136708512902259826660156250000000000E-03    0.104946228027343750000000000000000000000000E+04
    0.261169654550030827522277832031250000000000E-03    0.106984301757812500000000000000000000000000E+04
    0.266445596935227513313293457031250000000000E-03    0.109061669921875000000000000000000000000000E+04
    0.271828175755217671394348144531250000000000E-03    0.111179089355468750000000000000000000000000E+04
    0.277319486485794186592102050781250000000000E-03    0.113337292480468750000000000000000000000000E+04
    0.282921682810410857200622558593750000000000E-03    0.115537060546875000000000000000000000000000E+04
    0.288637093035504221916198730468750000000000E-03    0.117779187011718750000000000000000000000000E+04
    0.294467929052188992500305175781250000000000E-03    0.120064453125000000000000000000000000000000E+04
    0.300416606478393077850341796875000000000000E-03    0.122393688964843750000000000000000000000000E+04
    0.306485395412892103195190429687500000000000E-03    0.124767700195312500000000000000000000000000E+04
    0.312676827888935804367065429687500000000000E-03    0.127187341308593750000000000000000000000000E+04
    0.318993290420621633529663085937500000000000E-03    0.129653466796875000000000000000000000000000E+04
    0.325437402352690696716308593750000000000000E-03    0.132166955566406250000000000000000000000000E+04
    0.332011666614562273025512695312500000000000E-03    0.134728686523437500000000000000000000000000E+04
    0.338718760758638381958007812500000000000000E-03    0.137339562988281250000000000000000000000000E+04
    0.345561362337321043014526367187500000000000E-03    0.140000500488281250000000000000000000000000E+04
    0.352542119799181818962097167968750000000000E-03    0.142712414550781250000000000000000000000000E+04
    0.359663943527266383171081542968750000000000E-03    0.145476245117187500000000000000000000000000E+04
    0.366929627489298582077026367187500000000000E-03    0.148292944335937500000000000000000000000000E+04
    0.374342111172154545783996582031250000000000E-03    0.151163488769531250000000000000000000000000E+04
    0.381904304958879947662353515625000000000000E-03    0.154088842773437500000000000000000000000000E+04
    0.389619322959333658218383789062500000000000E-03    0.157070019531250000000000000000000000000000E+04
    0.397490162868052721023559570312500000000000E-03    0.160108044433593750000000000000000000000000E+04
    0.405519997002556920051574707031250000000000E-03    0.163203942871093750000000000000000000000000E+04
    0.413712026784196496009826660156250000000000E-03    0.166358764648437500000000000000000000000000E+04
    0.422069540945813059806823730468750000000000E-03    0.169573596191406250000000000000000000000000E+04
    0.430595915531739592552185058593750000000000E-03    0.172849511718750000000000000000000000000000E+04
    0.439294555690139532089233398437500000000000E-03    0.176187622070312500000000000000000000000000E+04
    0.448168895673006772994995117187500000000000E-03    0.179589050292968750000000000000000000000000E+04
    0.457222486147657036781311035156250000000000E-03    0.183054943847656250000000000000000000000000E+04
    0.466458965092897415161132812500000000000000E-03    0.186586450195312500000000000000000000000000E+04
    0.475882086902856826782226562500000000000000E-03    0.190184765625000000000000000000000000000000E+04
    0.485495547764003276824951171875000000000000E-03    0.193851074218750000000000000000000000000000E+04
    0.495303189381957054138183593750000000000000E-03    0.197586608886718750000000000000000000000000E+04
    0.505309028085321187973022460937500000000000E-03    0.201392602539062500000000000000000000000000E+04
    0.515516963787376880645751953125000000000000E-03    0.205270312500000000000000000000000000000000E+04
    0.525931071024388074874877929687500000000000E-03    0.209221020507812500000000000000000000000000E+04
    0.536555540747940540313720703125000000000000E-03    0.213246020507812500000000000000000000000000E+04
    0.547394680324941873550415039062500000000000E-03    0.217346655273437500000000000000000000000000E+04
    0.558452797122299671173095703125000000000000E-03    0.221524218750000000000000000000000000000000E+04
    0.569734314922243356704711914062500000000000E-03    0.225780078125000000000000000000000000000000E+04
    0.581243715714663267135620117187500000000000E-03    0.230115600585937500000000000000000000000000E+04
    0.592985597904771566390991210937500000000000E-03    0.234532104492187500000000000000000000000000E+04
    0.604964734520763158798217773437500000000000E-03    0.239031030273437500000000000000000000000000E+04
    0.617185782175511121749877929687500000000000E-03    0.243613745117187500000000000000000000000000E+04
    0.629653746727854013442993164062500000000000E-03    0.248281689453125000000000000000000000000000E+04
    0.642373692244291305541992187500000000000000E-03    0.253036328125000000000000000000000000000000E+04
    0.655350449960678815841674804687500000000000E-03    0.257879101562500000000000000000000000000000E+04
    0.668589433189481496810913085937500000000000E-03    0.262811523437500000000000000000000000000000E+04
    0.682095822412520647048950195312500000000000E-03    0.267835083007812500000000000000000000000000E+04
    0.695875030942261219024658203125000000000000E-03    0.272951318359375000000000000000000000000000E+04
    0.709932646714150905609130859375000000000000E-03    0.278161767578125000000000000000000000000000E+04
    0.724274199455976486206054687500000000000000E-03    0.283467993164062500000000000000000000000000E+04
    0.738905626349151134490966796875000000000000E-03    0.288871606445312500000000000000000000000000E+04
    0.753832457121461629867553710937500000000000E-03    0.294374194335937500000000000000000000000000E+04
    0.769060861784964799880981445312500000000000E-03    0.299977416992187500000000000000000000000000E+04
    0.784596893936395645141601562500000000000000E-03    0.305682910156250000000000000000000000000000E+04
    0.800446781795471906661987304687500000000000E-03    0.311492358398437500000000000000000000000000E+04
    0.816616869997233152389526367187500000000000E-03    0.317407446289062500000000000000000000000000E+04
    0.833113677799701690673828125000000000000000E-03    0.323429907226562500000000000000000000000000E+04
    0.849943608045578002929687500000000000000000E-03    0.329561450195312500000000000000000000000000E+04
    0.867113587446510791778564453125000000000000E-03    0.335803833007812500000000000000000000000000E+04
    0.884630659129470586776733398437500000000000E-03    0.342158886718750000000000000000000000000000E+04
    0.902501342352479696273803710937500000000000E-03    0.348628369140625000000000000000000000000000E+04
    0.920733029488474130630493164062500000000000E-03    0.355214086914062500000000000000000000000000E+04
    0.939333112910389900207519531250000000000000E-03    0.361917846679687500000000000000000000000000E+04
    0.958308868575841188430786132812500000000000E-03    0.368741406250000000000000000000000000000000E+04
    0.977667979896068572998046875000000000000000E-03    0.375686523437500000000000000000000000000000E+04
    0.997418188489973545074462890625000000000000E-03    0.382754980468750000000000000000000000000000E+04
    0.101756735239177942276000976562500000000000E-02    0.389948632812500000000000000000000000000000E+04
    0.103812362067401409149169921875000000000000E-02    0.397269262695312500000000000000000000000000E+04
    0.105909502599388360977172851562500000000000E-02    0.404718701171875000000000000000000000000000E+04
    0.108049006666988134384155273437500000000000E-02    0.412298779296875000000000000000000000000000E+04
    0.110231747385114431381225585937500000000000E-02    0.420011425781250000000000000000000000000000E+04
    0.112458574585616588592529296875000000000000E-02    0.427858398437500000000000000000000000000000E+04
    0.114730407949537038803100585937500000000000E-02    0.435841650390625000000000000000000000000000E+04
    0.117048120591789484024047851562500000000000E-02    0.443963085937500000000000000000000000000000E+04
    0.119412643834948539733886718750000000000000E-02    0.452224560546875000000000000000000000000000E+04
    0.121824943926185369491577148437500000000000E-02    0.460627978515625000000000000000000000000000E+04
    0.124285963829606771469116210937500000000000E-02    0.469175292968750000000000000000000000000000E+04
    0.126796704716980457305908203125000000000000E-02    0.477868457031250000000000000000000000000000E+04
    0.129358167760074138641357421875000000000000E-02    0.486709326171875000000000000000000000000000E+04
    0.131971365772187709808349609375000000000000E-02    0.495699853515625000000000000000000000000000E+04
    0.134637358132749795913696289062500000000000E-02    0.504842089843750000000000000000000000000000E+04
    0.137357215862721204757690429687500000000000E-02    0.514137841796875000000000000000000000000000E+04
    0.140132009983062744140625000000000000000000E-02    0.523589208984375000000000000000000000000000E+04
    0.142962858080863952636718750000000000000000E-02    0.533198095703125000000000000000000000000000E+04
    0.145850901026278734207153320312500000000000E-02    0.542966455078125000000000000000000000000000E+04
    0.148797314614057540893554687500000000000000E-02    0.552896240234375000000000000000000000000000E+04
    0.151803228072822093963623046875000000000000E-02    0.562989501953125000000000000000000000000000E+04
    0.154869852121919393539428710937500000000000E-02    0.573247949218750000000000000000000000000000E+04
    0.157998420763760805130004882812500000000000E-02    0.583673339843750000000000000000000000000000E+04
    0.161190202925354242324829101562500000000000E-02    0.594267382812500000000000000000000000000000E+04
    0.164446467533707618713378906250000000000000E-02    0.605031787109375000000000000000000000000000E+04
    0.167768495157361030578613281250000000000000E-02    0.615968212890625000000000000000000000000000E+04
    0.171157636214047670364379882812500000000000E-02    0.627078369140625000000000000000000000000000E+04
    0.174615241121500730514526367187500000000000E-02    0.638363769531250000000000000000000000000000E+04
    0.178142695222049951553344726562500000000000E-02    0.649826123046875000000000000000000000000000E+04
    0.181741418782621622085571289062500000000000E-02    0.661466943359375000000000000000000000000000E+04
    0.185412843711674213409423828125000000000000E-02    0.673287841796875000000000000000000000000000E+04
    0.189158413559198379516601562500000000000000E-02    0.685290234375000000000000000000000000000000E+04
    0.192979711573570966720581054687500000000000E-02    0.697475732421875000000000000000000000000000E+04
    0.196878169663250446319580078125000000000000E-02    0.709845654296875000000000000000000000000000E+04
    0.200855359435081481933593750000000000000000E-02    0.722401513671875000000000000000000000000000E+04
    0.204912899062037467956542968750000000000000E-02    0.735144580078125000000000000000000000000000E+04
    0.209052418358623981475830078125000000000000E-02    0.748076269531250000000000000000000000000000E+04
    0.213275570422410964965820312500000000000000E-02    0.761197851562500000000000000000000000000000E+04
    0.217583985067903995513916015625000000000000E-02    0.774510498046875000000000000000000000000000E+04
    0.221979478374123573303222656250000000000000E-02    0.788015527343750000000000000000000000000000E+04
    0.226463773287832736968994140625000000000000E-02    0.801713964843750000000000000000000000000000E+04
    0.231038639321923255920410156250000000000000E-02    0.815606933593750000000000000000000000000000E+04
    0.235705915838479995727539062500000000000000E-02    0.829695507812500000000000000000000000000000E+04
    0.240467488765716552734375000000000000000000E-02    0.843980566406250000000000000000000000000000E+04
    0.245325244031846523284912109375000000000000E-02    0.858463183593750000000000000000000000000000E+04
    0.250281183980405330657958984375000000000000E-02    0.873144042968750000000000000000000000000000E+04
    0.255337217822670936584472656250000000000000E-02    0.888023535156250000000000000000000000000000E+04
    0.260495371185243129730224609375000000000000E-02    0.903101953125000000000000000000000000000000E+04
    0.265757716260850429534912109375000000000000E-02    0.918379394531250000000000000000000000000000E+04
    0.271126371808350086212158203125000000000000E-02    0.933855761718750000000000000000000000000000E+04
    0.276603479869663715362548828125000000000000E-02    0.949531054687500000000000000000000000000000E+04
    0.282191229052841663360595703125000000000000E-02    0.965404882812500000000000000000000000000000E+04
    0.287891877815127372741699218750000000000000E-02    0.981477148437500000000000000000000000000000E+04
    0.293707661330699920654296875000000000000000E-02    0.997747167968750000000000000000000000000000E+04
    0.299640954472124576568603515625000000000000E-02    0.101421445312500000000000000000000000000000E+05
    0.305694085545837879180908203125000000000000E-02    0.103087832031250000000000000000000000000000E+05
    0.311869522556662559509277343750000000000000E-02    0.104773779296875000000000000000000000000000E+05
    0.318169780075550079345703125000000000000000E-02    0.106479189453125000000000000000000000000000E+05
    0.324597232975065708160400390625000000000000E-02    0.108203955078125000000000000000000000000000E+05
    0.331154512241482734680175781250000000000000E-02    0.109947949218750000000000000000000000000000E+05
    0.337844272144138813018798828125000000000000E-02    0.111711015625000000000000000000000000000000E+05
    0.344669190235435962677001953125000000000000E-02    0.113493017578125000000000000000000000000000E+05
    0.351631967350840568542480468750000000000000E-02    0.115293759765625000000000000000000000000000E+05
    0.358735374175012111663818359375000000000000E-02    0.117113076171875000000000000000000000000000E+05
    0.365982321090996265411376953125000000000000E-02    0.118950732421875000000000000000000000000000E+05
    0.373375625349581241607666015625000000000000E-02    0.120806533203125000000000000000000000000000E+05
    0.380918313749134540557861328125000000000000E-02    0.122680224609375000000000000000000000000000E+05
    0.388613343238830566406250000000000000000000E-02    0.124571542968750000000000000000000000000000E+05
    0.396463880315423011779785156250000000000000E-02    0.126480234375000000000000000000000000000000E+05
    0.404472928494215011596679687500000000000000E-02    0.128405986328125000000000000000000000000000E+05
    0.412643933668732643127441406250000000000000E-02    0.130348486328125000000000000000000000000000E+05
    0.420979922637343406677246093750000000000000E-02    0.132307333984375000000000000000000000000000E+05
    0.429484248161315917968750000000000000000000E-02    0.134282099609375000000000000000000000000000E+05
    0.438160402700304985046386718750000000000000E-02    0.136272314453125000000000000000000000000000E+05
    0.447011832147836685180664062500000000000000E-02    0.138277490234375000000000000000000000000000E+05
    0.456042028963565826416015625000000000000000E-02    0.140297119140625000000000000000000000000000E+05
    0.465254718437790870666503906250000000000000E-02    0.142330664062500000000000000000000000000000E+05
    0.474653439596295356750488281250000000000000E-02    0.144377558593750000000000000000000000000000E+05
    0.484242103993892669677734375000000000000000E-02    0.146437216796875000000000000000000000000000E+05
    0.494024436920881271362304687500000000000000E-02    0.148509033203125000000000000000000000000000E+05
    0.504004349932074546813964843750000000000000E-02    0.150592373046875000000000000000000000000000E+05
    0.514185894280672073364257812500000000000000E-02    0.152686562500000000000000000000000000000000E+05
    0.524573167786002159118652343750000000000000E-02    0.154790927734375000000000000000000000000000E+05
    0.535170361399650573730468750000000000000000E-02    0.156904707031250000000000000000000000000000E+05
    0.545981479808688163757324218750000000000000E-02    0.159027119140625000000000000000000000000000E+05
    0.557011039927601814270019531250000000000000E-02    0.161157333984375000000000000000000000000000E+05
    0.568263372406363487243652343750000000000000E-02    0.163294482421875000000000000000000000000000E+05
    0.579743087291717529296875000000000000000000E-02    0.165437675781250000000000000000000000000000E+05
    0.591454654932022094726562500000000000000000E-02    0.167586015625000000000000000000000000000000E+05
    0.603402825072407722473144531250000000000000E-02    0.169738515625000000000000000000000000000000E+05
    0.615592347458004951477050781250000000000000E-02    0.171894160156250000000000000000000000000000E+05
    0.628028111532330513000488281250000000000000E-02    0.174051875000000000000000000000000000000000E+05
    0.640715099871158599853515625000000000000000E-02    0.176210527343750000000000000000000000000000E+05
    0.653658434748649597167968750000000000000000E-02    0.178369042968750000000000000000000000000000E+05
    0.666863145306706428527832031250000000000000E-02    0.180526191406250000000000000000000000000000E+05
    0.680334679782390594482421875000000000000000E-02    0.182680820312500000000000000000000000000000E+05
    0.694078346714377403259277343750000000000000E-02    0.184831601562500000000000000000000000000000E+05
    0.708099640905857086181640625000000000000000E-02    0.186977187500000000000000000000000000000000E+05
    0.722404150292277336120605468750000000000000E-02    0.189116230468750000000000000000000000000000E+05
    0.736997742205858230590820312500000000000000E-02    0.191247304687500000000000000000000000000000E+05
    0.751886051148176193237304687500000000000000E-02    0.193368964843750000000000000000000000000000E+05
    0.767075084149837493896484375000000000000000E-02    0.195479746093750000000000000000000000000000E+05
    0.782571360468864440917968750000000000000000E-02    0.197578046875000000000000000000000000000000E+05
    0.798380374908447265625000000000000000000000E-02    0.199662246093750000000000000000000000000000E+05
    0.814508739858865737915039062500000000000000E-02    0.201730664062500000000000000000000000000000E+05
    0.830962881445884704589843750000000000000000E-02    0.203781582031250000000000000000000000000000E+05
    0.847749505192041397094726562500000000000000E-02    0.205813261718750000000000000000000000000000E+05
    0.864875130355358123779296875000000000000000E-02    0.207823906250000000000000000000000000000000E+05
    0.882346741855144500732421875000000000000000E-02    0.209811699218750000000000000000000000000000E+05
    0.900171231478452682495117187500000000000000E-02    0.211774628906250000000000000000000000000000E+05
    0.918355956673622131347656250000000000000000E-02    0.213710722656250000000000000000000000000000E+05
    0.936907902359962463378906250000000000000000E-02    0.215617929687500000000000000000000000000000E+05
    0.955834705382585525512695312500000000000000E-02    0.217494218750000000000000000000000000000000E+05
    0.975143909454345703125000000000000000000000E-02    0.219337500000000000000000000000000000000000E+05
    0.994843058288097381591796875000000000000000E-02    0.221145625000000000000000000000000000000000E+05
    0.101494016125798225402832031250000000000000E-01    0.222916308593750000000000000000000000000000E+05
    0.103544332087039947509765625000000000000000E-01    0.224647246093750000000000000000000000000000E+05
    0.105636063963174819946289062500000000000000E-01    0.226336074218750000000000000000000000000000E+05
    0.107770059257745742797851562500000000000000E-01    0.227980468750000000000000000000000000000000E+05
    0.109947146847844123840332031250000000000000E-01    0.229578027343750000000000000000000000000000E+05
    0.112168220803141593933105468750000000000000E-01    0.231126367187500000000000000000000000000000E+05
    0.114434175193309783935546875000000000000000E-01    0.232622929687500000000000000000000000000000E+05
    0.116745894774794578552246093750000000000000E-01    0.234065117187500000000000000000000000000000E+05
    0.119104310870170593261718750000000000000000E-01    0.235450312500000000000000000000000000000000E+05
    0.121510382741689682006835937500000000000000E-01    0.236775898437500000000000000000000000000000E+05
    0.123965051025152206420898437500000000000000E-01    0.238039296875000000000000000000000000000000E+05
    0.126469302922487258911132812500000000000000E-01    0.239237910156250000000000000000000000000000E+05
    0.129024153575301170349121093750000000000000E-01    0.240369023437500000000000000000000000000000E+05
    0.131630674004554748535156250000000000000000E-01    0.241429804687500000000000000000000000000000E+05
    0.134289795532822608947753906250000000000000E-01    0.242417519531250000000000000000000000000000E+05
    0.137002617120742797851562500000000000000000E-01    0.243329394531250000000000000000000000000000E+05
    0.139770256355404853820800781250000000000000E-01    0.244162753906250000000000000000000000000000E+05
    0.142593793570995330810546875000000000000000E-01    0.244914941406250000000000000000000000000000E+05
    0.145474374294281005859375000000000000000000E-01    0.245583242187500000000000000000000000000000E+05
    0.148413162678480148315429687500000000000000E-01    0.246164882812500000000000000000000000000000E+05
    0.151411294937133789062500000000000000000000E-01    0.246657148437500000000000000000000000000000E+05
    0.154470009729266166687011718750000000000000E-01    0.247057402343750000000000000000000000000000E+05
    0.157590489834547042846679687500000000000000E-01    0.247363105468750000000000000000000000000000E+05
    0.160774048417806625366210937500000000000000E-01    0.247571777343750000000000000000000000000000E+05
    0.164021886885166168212890625000000000000000E-01    0.247680996093750000000000000000000000000000E+05
    0.167335346341133117675781250000000000000000E-01    0.247688320312500000000000000000000000000000E+05
    0.170715730637311935424804687500000000000000E-01    0.247591347656250000000000000000000000000000E+05
    0.174164418131113052368164062500000000000000E-01    0.247387812500000000000000000000000000000000E+05
    0.177682787179946899414062500000000000000000E-01    0.247075644531250000000000000000000000000000E+05
    0.181272197514772415161132812500000000000000E-01    0.246652890625000000000000000000000000000000E+05
    0.184934139251708984375000000000000000000000E-01    0.246117753906250000000000000000000000000000E+05
    0.188670046627521514892578125000000000000000E-01    0.245468808593750000000000000000000000000000E+05
    0.192481447011232376098632812500000000000000E-01    0.244704804687500000000000000000000000000000E+05
    0.196369830518960952758789062500000000000000E-01    0.243824707031250000000000000000000000000000E+05
    0.200336743146181106567382812500000000000000E-01    0.242827656250000000000000000000000000000000E+05
    0.204383805394172668457031250000000000000000E-01    0.241713007812500000000000000000000000000000E+05
    0.208512637764215469360351562500000000000000E-01    0.240480292968750000000000000000000000000000E+05
    0.212724860757589340209960937500000000000000E-01    0.239129023437500000000000000000000000000000E+05
    0.217022281140089035034179687500000000000000E-01    0.237658789062500000000000000000000000000000E+05
    0.221406426280736923217773437500000000000000E-01    0.236069414062500000000000000000000000000000E+05
    0.225879121571779251098632812500000000000000E-01    0.234360917968750000000000000000000000000000E+05
    0.230442192405462265014648437500000000000000E-01    0.232533652343750000000000000000000000000000E+05
    0.235097426921129226684570312500000000000000E-01    0.230588203125000000000000000000000000000000E+05
    0.239846706390380859375000000000000000000000E-01    0.228527109375000000000000000000000000000000E+05
    0.244691912084817886352539062500000000000000E-01    0.226355214843750000000000000000000000000000E+05
    0.249635018408298492431640625000000000000000E-01    0.224077656250000000000000000000000000000000E+05
    0.254677981138229370117187500000000000000000E-01    0.221699628906250000000000000000000000000000E+05
    0.259822811931371688842773437500000000000000E-01    0.219226386718750000000000000000000000000000E+05
    0.265071578323841094970703125000000000000000E-01    0.216663242187500000000000000000000000000000E+05
    0.270426385104656219482421875000000000000000E-01    0.214013515625000000000000000000000000000000E+05
    0.275889337062835693359375000000000000000000E-01    0.211275644531250000000000000000000000000000E+05
    0.281462669372558593750000000000000000000000E-01    0.208447636718750000000000000000000000000000E+05
    0.287148579955101013183593750000000000000000E-01    0.205527988281250000000000000000000000000000E+05
    0.292949359863996505737304687500000000000000E-01    0.202515585937500000000000000000000000000000E+05
    0.298867337405681610107421875000000000000000E-01    0.199409785156250000000000000000000000000000E+05
    0.304904840886592864990234375000000000000000E-01    0.196215097656250000000000000000000000000000E+05
    0.311064328998327255249023437500000000000000E-01    0.192960878906250000000000000000000000000000E+05
    0.317348241806030273437500000000000000000000E-01    0.189683046875000000000000000000000000000000E+05
    0.323759093880653381347656250000000000000000E-01    0.186415410156250000000000000000000000000000E+05
    0.330299474298954010009765625000000000000000E-01    0.183189550781250000000000000000000000000000E+05
    0.336971953511238098144531250000000000000000E-01    0.180034902343750000000000000000000000000000E+05
    0.343779213726520538330078125000000000000000E-01    0.176976367187500000000000000000000000000000E+05
    0.350724011659622192382812500000000000000000E-01    0.174006425781250000000000000000000000000000E+05
    0.357809104025363922119140625000000000000000E-01    0.171097753906250000000000000000000000000000E+05
    0.365037508308887481689453125000000000000000E-01    0.168224433593750000000000000000000000000000E+05
    0.372411720454692840576171875000000000000000E-01    0.165362167968750000000000000000000000000000E+05
    0.379934944212436676025390625000000000000000E-01    0.162488359375000000000000000000000000000000E+05
    0.387610122561454772949218750000000000000000E-01    0.159582402343750000000000000000000000000000E+05
    0.395440347492694854736328125000000000000000E-01    0.156639814453125000000000000000000000000000E+05
    0.403428785502910614013671875000000000000000E-01    0.153675058593750000000000000000000000000000E+05
    0.411578565835952758789062500000000000000000E-01    0.150702929687500000000000000000000000000000E+05
    0.419893004000186920166015625000000000000000E-01    0.147737324218750000000000000000000000000000E+05
    0.428375415503978729248046875000000000000000E-01    0.144791152343750000000000000000000000000000E+05
    0.437029153108596801757812500000000000000000E-01    0.141876406250000000000000000000000000000000E+05
    0.445857718586921691894531250000000000000000E-01    0.139009306640625000000000000000000000000000E+05
    0.454864650964736938476562500000000000000000E-01    0.136217666015625000000000000000000000000000E+05
    0.464053489267826080322265625000000000000000E-01    0.133528994140625000000000000000000000000000E+05
    0.473427996039390563964843750000000000000000E-01    0.130968593750000000000000000000000000000000E+05
    0.482991859316825866699218750000000000000000E-01    0.128559726562500000000000000000000000000000E+05
    0.492748916149139404296875000000000000000000E-01    0.126323945312500000000000000000000000000000E+05
    0.502703115344047546386718750000000000000000E-01    0.124275117187500000000000000000000000000000E+05
    0.512858368456363677978515625000000000000000E-01    0.122393037109375000000000000000000000000000E+05
    0.523218810558319091796875000000000000000000E-01    0.120647929687500000000000000000000000000000E+05
    0.533788502216339111328125000000000000000000E-01    0.119011855468750000000000000000000000000000E+05
    0.544571764767169952392578125000000000000000E-01    0.117458447265625000000000000000000000000000E+05
    0.555572807788848876953125000000000000000000E-01    0.115962753906250000000000000000000000000000E+05
    0.566796138882637023925781250000000000000000E-01    0.114501376953125000000000000000000000000000E+05
    0.578246153891086578369140625000000000000000E-01    0.113055654296875000000000000000000000000000E+05
    0.589927472174167633056640625000000000000000E-01    0.111610205078125000000000000000000000000000E+05
    0.601844787597656250000000000000000000000000E-01    0.110150507812500000000000000000000000000000E+05
    0.614003166556358337402343750000000000000000E-01    0.108662812500000000000000000000000000000000E+05
    0.626406818628311157226562500000000000000000E-01    0.107134199218750000000000000000000000000000E+05
    0.639061108231544494628906250000000000000000E-01    0.105552744140625000000000000000000000000000E+05
    0.651970952749252319335937500000000000000000E-01    0.103912998046875000000000000000000000000000E+05
    0.665141642093658447265625000000000000000000E-01    0.102217187500000000000000000000000000000000E+05
    0.678578317165374755859375000000000000000000E-01    0.100468173828125000000000000000000000000000E+05
    0.692286565899848937988281250000000000000000E-01    0.986689355468750000000000000000000000000000E+04
    0.706271678209304809570312500000000000000000E-01    0.968225390625000000000000000000000000000000E+04
    0.720539242029190063476562500000000000000000E-01    0.949290234375000000000000000000000000000000E+04
    0.735095068812370300292968750000000000000000E-01    0.929702636718750000000000000000000000000000E+04
    0.749944970011711120605468750000000000000000E-01    0.909233496093750000000000000000000000000000E+04
    0.765094906091690063476562500000000000000000E-01    0.887680761718750000000000000000000000000000E+04
    0.780550837516784667968750000000000000000000E-01    0.864872265625000000000000000000000000000000E+04
    0.796318948268890380859375000000000000000000E-01    0.840720898437500000000000000000000000000000E+04
    0.812405645847320556640625000000000000000000E-01    0.815462011718750000000000000000000000000000E+04
    0.828817337751388549804687500000000000000000E-01    0.789424072265625000000000000000000000000000E+04
    0.845560505986213684082031250000000000000000E-01    0.762912353515625000000000000000000000000000E+04
    0.862641930580139160156250000000000000000000E-01    0.736206787109375000000000000000000000000000E+04
    0.880068466067314147949218750000000000000000E-01    0.709599511718750000000000000000000000000000E+04
    0.897847041487693786621093750000000000000000E-01    0.683405078125000000000000000000000000000000E+04
    0.915984734892845153808593750000000000000000E-01    0.657900927734375000000000000000000000000000E+04
    0.934488773345947265625000000000000000000000E-01    0.633324511718750000000000000000000000000000E+04
    0.953366756439208984375000000000000000000000E-01    0.609886083984375000000000000000000000000000E+04
    0.972625985741615295410156250000000000000000E-01    0.587783203125000000000000000000000000000000E+04
    0.992274358868598937988281250000000000000000E-01    0.567183007812500000000000000000000000000000E+04
    0.101232007145881652832031250000000000000000E+00    0.548223242187500000000000000000000000000000E+04
    0.103277020156383514404296875000000000000000E+00    0.530959472656250000000000000000000000000000E+04
    0.105363354086875915527343750000000000000000E+00    0.515353710937500000000000000000000000000000E+04
    0.107491828501224517822265625000000000000000E+00    0.501365283203125000000000000000000000000000E+04
    0.109663315117359161376953125000000000000000E+00    0.488941162109375000000000000000000000000000E+04
    0.111878655850887298583984375000000000000000E+00    0.477903271484375000000000000000000000000000E+04
    0.114138752222061157226562500000000000000000E+00    0.468033837890625000000000000000000000000000E+04
    0.116444505751132965087890625000000000000000E+00    0.459131933593750000000000000000000000000000E+04
    0.118796832859516143798828125000000000000000E+00    0.450922998046875000000000000000000000000000E+04
    0.121196687221527099609375000000000000000000E+00    0.443056396484375000000000000000000000000000E+04
    0.123645029962062835693359375000000000000000E+00    0.435200683593750000000000000000000000000000E+04
    0.126142814755439758300781250000000000000000E+00    0.427039697265625000000000000000000000000000E+04
    0.128691077232360839843750000000000000000000E+00    0.418270800781250000000000000000000000000000E+04
    0.131290808320045471191406250000000000000000E+00    0.408621704101562500000000000000000000000000E+04
    0.133943051099777221679687500000000000000000E+00    0.397934619140625000000000000000000000000000E+04
    0.136648878455162048339843750000000000000000E+00    0.386179638671875000000000000000000000000000E+04
    0.139409363269805908203125000000000000000000E+00    0.373365820312500000000000000000000000000000E+04
    0.142225623130798339843750000000000000000000E+00    0.359652880859375000000000000000000000000000E+04
    0.145098760724067687988281250000000000000000E+00    0.345286352539062500000000000000000000000000E+04
    0.148029953241348266601562500000000000000000E+00    0.330542626953125000000000000000000000000000E+04
    0.151020348072052001953125000000000000000000E+00    0.315835571289062500000000000000000000000000E+04
    0.154071167111396789550781250000000000000000E+00    0.301557885742187500000000000000000000000000E+04
    0.157183602452278137207031250000000000000000E+00    0.288080273437500000000000000000000000000000E+04
    0.160358920693397521972656250000000000000000E+00    0.275745947265625000000000000000000000000000E+04
    0.163598373532295227050781250000000000000000E+00    0.264776904296875000000000000000000000000000E+04
    0.166903272271156311035156250000000000000000E+00    0.255205468750000000000000000000000000000000E+04
    0.170275032520294189453125000000000000000000E+00    0.247007446289062500000000000000000000000000E+04
    0.173714801669120788574218750000000000000000E+00    0.240003637695312500000000000000000000000000E+04
    0.177224084734916687011718750000000000000000E+00    0.233973193359375000000000000000000000000000E+04
    0.180804237723350524902343750000000000000000E+00    0.228622387695312500000000000000000000000000E+04
    0.184456720948219299316406250000000000000000E+00    0.223625537109375000000000000000000000000000E+04
    0.188182994723320007324218750000000000000000E+00    0.218624414062500000000000000000000000000000E+04
    0.191984534263610839843750000000000000000000E+00    0.213256591796875000000000000000000000000000E+04
    0.195862874388694763183593750000000000000000E+00    0.207278979492187500000000000000000000000000E+04
    0.199819564819335937500000000000000000000000E+00    0.200556091308593750000000000000000000000000E+04
    0.203856185078620910644531250000000000000000E+00    0.193134533691406250000000000000000000000000E+04
    0.207974359393119812011718750000000000000000E+00    0.185174023437500000000000000000000000000000E+04
    0.212175697088241577148437500000000000000000E+00    0.176938586425781250000000000000000000000000E+04
    0.216461926698684692382812500000000000000000E+00    0.168745507812500000000000000000000000000000E+04
    0.220834761857986450195312500000000000000000E+00    0.160997265625000000000000000000000000000000E+04
    0.225295916199684143066406250000000000000000E+00    0.153964599609375000000000000000000000000000E+04
    0.229847192764282226562500000000000000000000E+00    0.147748449707031250000000000000000000000000E+04
    0.234490394592285156250000000000000000000000E+00    0.142418469238281250000000000000000000000000E+04
    0.239227414131164550781250000000000000000000E+00    0.137881628417968750000000000000000000000000E+04
    0.244060128927230834960937500000000000000000E+00    0.133871643066406250000000000000000000000000E+04
    0.248990446329116821289062500000000000000000E+00    0.130141882324218750000000000000000000000000E+04
    0.254020392894744873046875000000000000000000E+00    0.126451855468750000000000000000000000000000E+04
    0.259151935577392578125000000000000000000000E+00    0.122566027832031250000000000000000000000000E+04
    0.264387160539627075195312500000000000000000E+00    0.118287988281250000000000000000000000000000E+04
    0.269728124141693115234375000000000000000000E+00    0.113640441894531250000000000000000000000000E+04
    0.275177001953125000000000000000000000000000E+00    0.108816625976562500000000000000000000000000E+04
    0.280736058950424194335937500000000000000000E+00    0.103994689941406250000000000000000000000000E+04
    0.286407291889190673828125000000000000000000E+00    0.993649291992187500000000000000000000000000E+03
    0.292193114757537841796875000000000000000000E+00    0.951145935058593750000000000000000000000000E+03
    0.298095792531967163085937500000000000000000E+00    0.913843872070312500000000000000000000000000E+03
    0.304117560386657714843750000000000000000000E+00    0.881140686035156250000000000000000000000000E+03
    0.310261309146881103515625000000000000000000E+00    0.851350097656250000000000000000000000000000E+03
    0.316528826951980590820312500000000000000000E+00    0.822987121582031250000000000000000000000000E+03
    0.322923272848129272460937500000000000000000E+00    0.794791625976562500000000000000000000000000E+03
    0.329446613788604736328125000000000000000000E+00    0.765693237304687500000000000000000000000000E+03
    0.336102008819580078125000000000000000000000E+00    0.734985656738281250000000000000000000000000E+03
    0.342891573905944824218750000000000000000000E+00    0.703651855468750000000000000000000000000000E+03
    0.349818587303161621093750000000000000000000E+00    0.673274108886718750000000000000000000000000E+03
    0.356885224580764770507812500000000000000000E+00    0.645052795410156250000000000000000000000000E+03
    0.364094972610473632812500000000000000000000E+00    0.619115966796875000000000000000000000000000E+03
    0.371450334787368774414062500000000000000000E+00    0.595211975097656250000000000000000000000000E+03
    0.378953933715820312500000000000000000000000E+00    0.573023620605468750000000000000000000000000E+03
    0.386609494686126708984375000000000000000000E+00    0.551762939453125000000000000000000000000000E+03
    0.394419312477111816406250000000000000000000E+00    0.530577392578125000000000000000000000000000E+03
    0.402387291193008422851562500000000000000000E+00    0.508958679199218750000000000000000000000000E+03
    0.410515844821929931640625000000000000000000E+00    0.487475616455078125000000000000000000000000E+03
    0.418809026479721069335937500000000000000000E+00    0.466894622802734375000000000000000000000000E+03
    0.427269339561462402343750000000000000000000E+00    0.447697601318359375000000000000000000000000E+03
    0.435900926589965820312500000000000000000000E+00    0.429673553466796875000000000000000000000000E+03
    0.444706469774246215820312500000000000000000E+00    0.412491729736328125000000000000000000000000E+03
    0.453690379858016967773437500000000000000000E+00    0.395916137695312500000000000000000000000000E+03
    0.462855309247970581054687500000000000000000E+00    0.379901397705078125000000000000000000000000E+03
    0.472205787897109985351562500000000000000000E+00    0.364438385009765625000000000000000000000000E+03
    0.481744766235351562500000000000000000000000E+00    0.349517333984375000000000000000000000000000E+03
    0.491476893424987792968750000000000000000000E+00    0.335127868652343750000000000000000000000000E+03
    0.501405119895935058593750000000000000000000E+00    0.321259063720703125000000000000000000000000E+03
    0.511534392833709716796875000000000000000000E+00    0.307899566650390625000000000000000000000000E+03
    0.521867811679840087890625000000000000000000E+00    0.295037628173828125000000000000000000000000E+03
    0.532410502433776855468750000000000000000000E+00    0.282661254882812500000000000000000000000000E+03
    0.543165624141693115234375000000000000000000E+00    0.270758087158203125000000000000000000000000E+03
    0.554138541221618652343750000000000000000000E+00    0.259315673828125000000000000000000000000000E+03
    0.565332591533660888671875000000000000000000E+00    0.248321365356445312500000000000000000000000E+03
    0.576753377914428710937500000000000000000000E+00    0.237762405395507812500000000000000000000000E+03
    0.588404297828674316406250000000000000000000E+00    0.227626022338867187500000000000000000000000E+03
    0.600291073322296142578125000000000000000000E+00    0.217899429321289062500000000000000000000000E+03
    0.612418055534362792968750000000000000000000E+00    0.208569854736328125000000000000000000000000E+03
    0.624789416790008544921875000000000000000000E+00    0.199624572753906250000000000000000000000000E+03
    0.637411236763000488281250000000000000000000E+00    0.191049758911132812500000000000000000000000E+03
    0.650287508964538574218750000000000000000000E+00    0.182830337524414062500000000000000000000000E+03
    0.663424491882324218750000000000000000000000E+00    0.174951782226562500000000000000000000000000E+03
    0.676826238632202148437500000000000000000000E+00    0.167400161743164062500000000000000000000000E+03
    0.690499365329742431640625000000000000000000E+00    0.160162109375000000000000000000000000000000E+03
    0.704448044300079345703125000000000000000000E+00    0.153224838256835937500000000000000000000000E+03
    0.718679130077362060546875000000000000000000E+00    0.146576065063476562500000000000000000000000E+03
    0.733197033405303955078125000000000000000000E+00    0.140204025268554687500000000000000000000000E+03
    0.748008966445922851562500000000000000000000E+00    0.134097442626953125000000000000000000000000E+03
    0.763119339942932128906250000000000000000000E+00    0.128245513916015625000000000000000000000000E+03
    0.778535783290863037109375000000000000000000E+00    0.122637840270996093750000000000000000000000E+03
    0.794262826442718505859375000000000000000000E+00    0.117264495849609375000000000000000000000000E+03
    0.810308396816253662109375000000000000000000E+00    0.112115943908691406250000000000000000000000E+03
    0.826677322387695312500000000000000000000000E+00    0.107183021545410156250000000000000000000000E+03
    0.843377590179443359375000000000000000000000E+00    0.102456954956054687500000000000000000000000E+03
    0.860414624214172363281250000000000000000000E+00    0.979293289184570312500000000000000000000000E+02
    0.877796530723571777343750000000000000000000E+00    0.935920944213867187500000000000000000000000E+02
    0.895528674125671386718750000000000000000000E+00    0.894377288818359375000000000000000000000000E+02
    0.913619995117187500000000000000000000000000E+00    0.854590988159179687500000000000000000000000E+02
    0.932075977325439453125000000000000000000000E+00    0.816493072509765625000000000000000000000000E+02
    0.950905561447143554687500000000000000000000E+00    0.780017089843750000000000000000000000000000E+02
    0.970114648342132568359375000000000000000000E+00    0.745098876953125000000000000000000000000000E+02
    0.989712655544281005859375000000000000000000E+00    0.711676330566406250000000000000000000000000E+02
    0.100970673561096191406250000000000000000000E+01    0.679689865112304687500000000000000000000000E+02
    0.103010356426239013671875000000000000000000E+01    0.649081726074218750000000000000000000000000E+02
    0.105091357231140136718750000000000000000000E+01    0.619796409606933593750000000000000000000000E+02
    0.107214283943176269531250000000000000000000E+01    0.591780357360839843750000000000000000000000E+02
    0.109380209445953369140625000000000000000000E+01    0.564981994628906250000000000000000000000000E+02
    0.111589777469635009765625000000000000000000E+01    0.539351577758789062500000000000000000000000E+02
    0.113844096660614013671875000000000000000000E+01    0.514841232299804687500000000000000000000000E+02
    0.116143846511840820312500000000000000000000E+01    0.491404838562011718750000000000000000000000E+02
    0.118490159511566162109375000000000000000000E+01    0.468998069763183593750000000000000000000000E+02
    0.120883750915527343750000000000000000000000E+01    0.447578163146972656250000000000000000000000E+02
    0.123325824737548828125000000000000000000000E+01    0.427103958129882812500000000000000000000000E+02
    0.125817120075225830078125000000000000000000E+01    0.407535476684570312500000000000000000000000E+02
    0.128358840942382812500000000000000000000000E+01    0.388834266662597656250000000000000000000000E+02
    0.130951797962188720703125000000000000000000E+01    0.370963439941406250000000000000000000000000E+02
    0.133597266674041748046875000000000000000000E+01    0.353887634277343750000000000000000000000000E+02
    0.136296045780181884765625000000000000000000E+01    0.337572822570800781250000000000000000000000E+02
    0.139049470424652099609375000000000000000000E+01    0.321986465454101562500000000000000000000000E+02
    0.141858386993408203125000000000000000000000E+01    0.307097263336181640625000000000000000000000E+02
    0.144724178314208984375000000000000000000000E+01    0.292875270843505859375000000000000000000000E+02
    0.147647726535797119140625000000000000000000E+01    0.279291687011718750000000000000000000000000E+02
    0.150630474090576171875000000000000000000000E+01    0.266318969726562500000000000000000000000000E+02
    0.153673338890075683593750000000000000000000E+01    0.253930644989013671875000000000000000000000E+02
    0.156777822971343994140625000000000000000000E+01    0.242101383209228515625000000000000000000000E+02
    0.159944856166839599609375000000000000000000E+01    0.230806865692138671875000000000000000000000E+02
    0.163176035881042480468750000000000000000000E+01    0.220023803710937500000000000000000000000000E+02
    0.166472315788269042968750000000000000000000E+01    0.209729881286621093750000000000000000000000E+02
    0.169835364818572998046875000000000000000000E+01    0.199903697967529296875000000000000000000000E+02
    0.173266339302062988281250000000000000000000E+01    0.190524749755859375000000000000000000000000E+02
    0.176766479015350341796875000000000000000000E+01    0.181573429107666015625000000000000000000000E+02
    0.180337476730346679687500000000000000000000E+01    0.173030967712402343750000000000000000000000E+02
    0.183980441093444824218750000000000000000000E+01    0.164879360198974609375000000000000000000000E+02
    0.187697184085845947265625000000000000000000E+01    0.157101335525512695312500000000000000000000E+02
    0.191488826274871826171875000000000000000000E+01    0.149680385589599609375000000000000000000000E+02
    0.195357239246368408203125000000000000000000E+01    0.142600688934326171875000000000000000000000E+02
    0.199303627014160156250000000000000000000000E+01    0.135847091674804687500000000000000000000000E+02
    0.203329920768737792968750000000000000000000E+01    0.129405069351196289062500000000000000000000E+02
    0.207437348365783691406250000000000000000000E+01    0.123260736465454101562500000000000000000000E+02
    0.211627960205078125000000000000000000000000E+01    0.117400779724121093750000000000000000000000E+02
    0.215903019905090332031250000000000000000000E+01    0.111812486648559570312500000000000000000000E+02
    0.220264649391174316406250000000000000000000E+01    0.106483650207519531250000000000000000000000E+02
    0.224714183807373046875000000000000000000000E+01    0.101402616500854492187500000000000000000000E+02
    0.229253816604614257812500000000000000000000E+01    0.965582275390625000000000000000000000000000E+01
    0.233884930610656738281250000000000000000000E+01    0.919397926330566406250000000000000000000000E+01
    0.238609838485717773437500000000000000000000E+01    0.875370979309082031250000000000000000000000E+01
    0.243429946899414062500000000000000000000000E+01    0.833403682708740234375000000000000000000000E+01
    0.248347663879394531250000000000000000000000E+01    0.793402433395385742187500000000000000000000E+01
    0.253364515304565429687500000000000000000000E+01    0.755277633666992187500000000000000000000000E+01
    0.258482933044433593750000000000000000000000E+01    0.718943786621093750000000000000000000000000E+01
    0.263704490661621093750000000000000000000000E+01    0.684319067001342773437500000000000000000000E+01
    0.269031810760498046875000000000000000000000E+01    0.651325321197509765625000000000000000000000E+01
    0.274466466903686523437500000000000000000000E+01    0.619887733459472656250000000000000000000000E+01
    0.280011177062988281250000000000000000000000E+01    0.589934921264648437500000000000000000000000E+01
    0.285667920112609863281250000000000000000000E+01    0.561398649215698242187500000000000000000000E+01
    0.291438651084899902343750000000000000000000E+01    0.534213638305664062500000000000000000000000E+01
    0.297326231002807617187500000000000000000000E+01    0.508317613601684570312500000000000000000000E+01
    0.303332471847534179687500000000000000000000E+01    0.483650970458984375000000000000000000000000E+01
    0.309460353851318359375000000000000000000000E+01    0.460156917572021484375000000000000000000000E+01
    0.315711688995361328125000000000000000000000E+01    0.437781047821044921875000000000000000000000E+01
    0.322089648246765136718750000000000000000000E+01    0.416471529006958007812500000000000000000000E+01
    0.328596115112304687500000000000000000000000E+01    0.396178770065307617187500000000000000000000E+01
    0.335234355926513671875000000000000000000000E+01    0.376855444908142089843750000000000000000000E+01
    0.342006349563598632812500000000000000000000E+01    0.358456349372863769531250000000000000000000E+01
    0.348915529251098632812500000000000000000000E+01    0.340938329696655273437500000000000000000000E+01
    0.355963897705078125000000000000000000000000E+01    0.324260187149047851562500000000000000000000E+01
    0.363155031204223632812500000000000000000000E+01    0.308382582664489746093750000000000000000000E+01
    0.370491051673889160156250000000000000000000E+01    0.293267941474914550781250000000000000000000E+01
    0.377975654602050781250000000000000000000000E+01    0.278880476951599121093750000000000000000000E+01
    0.385611033439636230468750000000000000000000E+01    0.265185976028442382812500000000000000000000E+01
    0.393401122093200683593750000000000000000000E+01    0.252151823043823242187500000000000000000000E+01
    0.401348161697387695312500000000000000000000E+01    0.239746832847595214843750000000000000000000E+01
    0.409456062316894531250000000000000000000000E+01    0.227941370010375976562500000000000000000000E+01
    0.417727470397949218750000000000000000000000E+01    0.216707015037536621093750000000000000000000E+01
    0.426166296005249023437500000000000000000000E+01    0.206016778945922851562500000000000000000000E+01
    0.434775209426879882812500000000000000000000E+01    0.195844852924346923828125000000000000000000E+01
    0.443558454513549804687500000000000000000000E+01    0.186166632175445556640625000000000000000000E+01
    0.452518701553344726562500000000000000000000E+01    0.176958668231964111328125000000000000000000E+01
    0.461660432815551757812500000000000000000000E+01    0.168198561668395996093750000000000000000000E+01
    0.470986795425415039062500000000000000000000E+01    0.159864985942840576171875000000000000000000E+01
    0.480501127243041992187500000000000000000000E+01    0.151937568187713623046875000000000000000000E+01
    0.490208053588867187500000000000000000000000E+01    0.144396913051605224609375000000000000000000E+01
    0.500110673904418945312500000000000000000000E+01    0.137224495410919189453125000000000000000000E+01
    0.510213851928710937500000000000000000000000E+01    0.130402708053588867187500000000000000000000E+01
    0.520520591735839843750000000000000000000000E+01    0.123914706707000732421875000000000000000000E+01
    0.531036043167114257812500000000000000000000E+01    0.117744481563568115234375000000000000000000E+01
    0.541763401031494140625000000000000000000000E+01    0.111876749992370605468750000000000000000000E+01
    0.552708053588867187500000000000000000000000E+01    0.106296968460083007812500000000000000000000E+01
    0.563873195648193359375000000000000000000000E+01    0.100991249084472656250000000000000000000000E+01
    0.575264453887939453125000000000000000000000E+01    0.959463894367218017578125000000000000000000E+00
    0.586885261535644531250000000000000000000000E+01    0.911497890949249267578125000000000000000000E+00
    0.598741388320922851562500000000000000000000E+01    0.865894556045532226562500000000000000000000E+00
    0.610836458206176757812500000000000000000000E+01    0.822539448738098144531250000000000000000000E+00
    0.623176479339599609375000000000000000000000E+01    0.781323730945587158203125000000000000000000E+00
    0.635765171051025390625000000000000000000000E+01    0.742143750190734863281250000000000000000000E+00
    0.648608779907226562500000000000000000000000E+01    0.704900562763214111328125000000000000000000E+00
    0.661711215972900390625000000000000000000000E+01    0.669500112533569335937500000000000000000000E+00
    0.675078964233398437500000000000000000000000E+01    0.635852694511413574218750000000000000000000E+00
    0.688716173171997070312500000000000000000000E+01    0.603872954845428466796875000000000000000000E+00
    0.702629423141479492187500000000000000000000E+01    0.573479533195495605468750000000000000000000E+00
    0.716823101043701171875000000000000000000000E+01    0.544595122337341308593750000000000000000000E+00
    0.731304264068603515625000000000000000000000E+01    0.517145991325378417968750000000000000000000E+00
    0.746077251434326171875000000000000000000000E+01    0.491061866283416748046875000000000000000000E+00
    0.761149358749389648437500000000000000000000E+01    0.466275990009307861328125000000000000000000E+00
    0.776525211334228515625000000000000000000000E+01    0.442724794149398803710937500000000000000000E+00
    0.792212390899658203125000000000000000000000E+01    0.420347660779953002929687500000000000000000E+00
    0.808216571807861328125000000000000000000000E+01    0.399087011814117431640625000000000000000000E+00
    0.824543190002441406250000000000000000000000E+01    0.378888010978698730468750000000000000000000E+00
    0.841200447082519531250000000000000000000000E+01    0.359698385000228881835937500000000000000000E+00
    0.858193302154541015625000000000000000000000E+01    0.341468513011932373046875000000000000000000E+00
    0.875530433654785156250000000000000000000000E+01    0.324151068925857543945312500000000000000000E+00
    0.893216896057128906250000000000000000000000E+01    0.307701051235198974609375000000000000000000E+00
    0.911261463165283203125000000000000000000000E+01    0.292075693607330322265625000000000000000000E+00
    0.929669761657714843750000000000000000000000E+01    0.277234196662902832031250000000000000000000E+00
    0.948450660705566406250000000000000000000000E+01    0.263137817382812500000000000000000000000000E+00
    0.967610168457031250000000000000000000000000E+01    0.249749630689620971679687500000000000000000E+00
    0.987157726287841796875000000000000000000000E+01    0.237034589052200317382812500000000000000000E+00
    0.100709915161132812500000000000000000000000E+02    0.224959269165992736816406250000000000000000E+00
    0.102744436264038085937500000000000000000000E+02    0.213491961359977722167968750000000000000000E+00
    0.104819955825805664062500000000000000000000E+02    0.202602446079254150390625000000000000000000E+00
    0.106937503814697265625000000000000000000000E+02    0.192262008786201477050781250000000000000000E+00
    0.109097728729248046875000000000000000000000E+02    0.182443320751190185546875000000000000000000E+00
    0.111301708221435546875000000000000000000000E+02    0.173120409250259399414062500000000000000000E+00
    0.113550090789794921875000000000000000000000E+02    0.164268568158149719238281250000000000000000E+00
    0.115844011306762695312500000000000000000000E+02    0.155864298343658447265625000000000000000000E+00
    0.118184156417846679687500000000000000000000E+02    0.147885277867317199707031250000000000000000E+00
    0.120571689605712890625000000000000000000000E+02    0.140310257673263549804687500000000000000000E+00
    0.123007345199584960937500000000000000000000E+02    0.133119031786918640136718750000000000000000E+00
    0.125492305755615234375000000000000000000000E+02    0.126292407512664794921875000000000000000000E+00
    0.128027353286743164062500000000000000000000E+02    0.119812138378620147705078125000000000000000E+00
    0.130613737106323242187500000000000000000000E+02    0.113660857081413269042968750000000000000000E+00
    0.133252372741699218750000000000000000000000E+02    0.107822068035602569580078125000000000000000E+00
    0.135944185256958007812500000000000000000000E+02    0.102280095219612121582031250000000000000000E+00
    0.138690500259399414062500000000000000000000E+02    0.970200151205062866210937500000000000000000E-01
    0.141492166519165039062500000000000000000000E+02    0.920276716351509094238281250000000000000000E-01
    0.144350557327270507812500000000000000000000E+02    0.872896015644073486328125000000000000000000E-01
    0.147266559600830078125000000000000000000000E+02    0.827929973602294921875000000000000000000000E-01
    0.150241622924804687500000000000000000000000E+02    0.785257071256637573242187500000000000000000E-01
    0.153276624679565429687500000000000000000000E+02    0.744761601090431213378906250000000000000000E-01
    0.156373090744018554687500000000000000000000E+02    0.706333816051483154296875000000000000000000E-01
    0.159531946182250976562500000000000000000000E+02    0.669869408011436462402343750000000000000000E-01
    0.162754783630371093750000000000000000000000E+02    0.635269060730934143066406250000000000000000E-01
    0.166042575836181640625000000000000000000000E+02    0.602438598871231079101562500000000000000000E-01
    0.169396934509277343750000000000000000000000E+02    0.571288540959358215332031250000000000000000E-01
    0.172818889617919921875000000000000000000000E+02    0.541733801364898681640625000000000000000000E-01
    0.176310138702392578125000000000000000000000E+02    0.513693615794181823730468750000000000000000E-01
    0.179871768951416015625000000000000000000000E+02    0.487091168761253356933593750000000000000000E-01
    0.183505496978759765625000000000000000000000E+02    0.461853481829166412353515625000000000000000E-01
    0.187212448120117187500000000000000000000000E+02    0.437911301851272583007812500000000000000000E-01
    0.190994472503662109375000000000000000000000E+02    0.415198802947998046875000000000000000000000E-01
    0.194852733612060546875000000000000000000000E+02    0.393653512001037597656250000000000000000000E-01
    0.198789100646972656250000000000000000000000E+02    0.373215973377227783203125000000000000000000E-01
    0.202804813385009765625000000000000000000000E+02    0.353829897940158843994140625000000000000000E-01
    0.206901836395263671875000000000000000000000E+02    0.335441716015338897705078125000000000000000E-01
    0.211081428527832031250000000000000000000000E+02    0.318000540137290954589843750000000000000000E-01
    0.215345649719238281250000000000000000000000E+02    0.301458127796649932861328125000000000000000E-01
    0.219696025848388671875000000000000000000000E+02    0.285768583416938781738281250000000000000000E-01
    0.224134063720703125000000000000000000000000E+02    0.270888414233922958374023437500000000000000E-01
    0.228661975860595703125000000000000000000000E+02    0.256776269525289535522460937500000000000000E-01
    0.233281154632568359375000000000000000000000E+02    0.243392866104841232299804687500000000000000E-01
    0.237993831634521484375000000000000000000000E+02    0.230700969696044921875000000000000000000000E-01
    0.242801532745361328125000000000000000000000E+02    0.218665171414613723754882812500000000000000E-01
    0.247706546783447265625000000000000000000000E+02    0.207251906394958496093750000000000000000000E-01
    0.252710437774658203125000000000000000000000E+02    0.196429267525672912597656250000000000000000E-01
    0.257815628051757812500000000000000000000000E+02    0.186166968196630477905273437500000000000000E-01
    0.263023719787597656250000000000000000000000E+02    0.176436249166727066040039062500000000000000E-01
    0.268337268829345703125000000000000000000000E+02    0.167209859937429428100585937500000000000000E-01
    0.273757934570312500000000000000000000000000E+02    0.158461872488260269165039062500000000000000E-01
    0.279288311004638671875000000000000000000000E+02    0.150167737156152725219726562500000000000000E-01
    0.284930171966552734375000000000000000000000E+02    0.142304096370935440063476562500000000000000E-01
    0.290686283111572265625000000000000000000000E+02    0.134848821908235549926757812500000000000000E-01
    0.296558399200439453125000000000000000000000E+02    0.127780893817543983459472656250000000000000E-01
    0.302549400329589843750000000000000000000000E+02    0.121080363169312477111816406250000000000000E-01
    0.308661155700683593750000000000000000000000E+02    0.114728305488824844360351562500000000000000E-01
    0.314896678924560546875000000000000000000000E+02    0.108706764876842498779296875000000000000000E-01
    0.321257820129394531250000000000000000000000E+02    0.102998688817024230957031250000000000000000E-01
    0.327747840881347656250000000000000000000000E+02    0.975879095494747161865234375000000000000000E-02
    0.334368629455566406250000000000000000000000E+02    0.924590788781642913818359375000000000000000E-02
    0.341123466491699218750000000000000000000000E+02    0.875976309180259704589843750000000000000000E-02
    0.348014411926269531250000000000000000000000E+02    0.829897448420524597167968750000000000000000E-02
    0.355044975280761718750000000000000000000000E+02    0.786222983151674270629882812500000000000000E-02
    0.362217178344726562500000000000000000000000E+02    0.744828535243868827819824218750000000000000E-02
    0.369534606933593750000000000000000000000000E+02    0.705596012994647026062011718750000000000000E-02
    0.376999855041503906250000000000000000000000E+02    0.668413471430540084838867187500000000000000E-02
    0.384615592956542968750000000000000000000000E+02    0.633174646645784378051757812500000000000000E-02
    0.392385520935058593750000000000000000000000E+02    0.599778722971677780151367187500000000000000E-02
    0.400312004089355468750000000000000000000000E+02    0.568130146712064743041992187500000000000000E-02
    0.408399047851562500000000000000000000000000E+02    0.538138207048177719116210937500000000000000E-02
    0.416649055480957031250000000000000000000000E+02    0.509716942906379699707031250000000000000000E-02
    0.425066108703613281250000000000000000000000E+02    0.482784723863005638122558593750000000000000E-02
    0.433652801513671875000000000000000000000000E+02    0.457264157012104988098144531250000000000000E-02
    0.442413406372070312500000000000000000000000E+02    0.433081854134798049926757812500000000000000E-02
    0.451350479125976562500000000000000000000000E+02    0.410168245434761047363281250000000000000000E-02
    0.460468597412109375000000000000000000000000E+02    0.388457276858389377593994140625000000000000E-02
    0.469770469665527343750000000000000000000000E+02    0.367886363528668880462646484375000000000000E-02
    0.479260635375976562500000000000000000000000E+02    0.348396087065339088439941406250000000000000E-02
    0.488942108154296875000000000000000000000000E+02    0.329930149018764495849609375000000000000000E-02
    0.498819656372070312500000000000000000000000E+02    0.312435068190097808837890625000000000000000E-02
    0.508896217346191406250000000000000000000000E+02    0.295860180631279945373535156250000000000000E-02
    0.519176826477050781250000000000000000000000E+02    0.280157430097460746765136718750000000000000E-02
    0.529664611816406250000000000000000000000000E+02    0.265281298197805881500244140625000000000000E-02
    0.540364799499511718750000000000000000000000E+02    0.251188548281788825988769531250000000000000E-02
    0.551280593872070312500000000000000000000000E+02    0.237838272005319595336914062500000000000000E-02
    0.562417488098144531250000000000000000000000E+02    0.225191633217036724090576171875000000000000E-02
    0.573778800964355468750000000000000000000000E+02    0.213211821392178535461425781250000000000000E-02
    0.585370178222656250000000000000000000000000E+02    0.201863935217261314392089843750000000000000E-02
    0.597195167541503906250000000000000000000000E+02    0.191114924382418394088745117187500000000000E-02
    0.609259529113769531250000000000000000000000E+02    0.180933403316885232925415039062500000000000E-02
    0.621567726135253906250000000000000000000000E+02    0.171289662830531597137451171875000000000000E-02
    0.634123916625976562500000000000000000000000E+02    0.162155507132411003112792968750000000000000E-02
    0.646934356689453125000000000000000000000000E+02    0.153504230547696352005004882812500000000000E-02
    0.660002975463867187500000000000000000000000E+02    0.145310489460825920104980468750000000000000E-02
    0.673336257934570312500000000000000000000000E+02    0.137550290673971176147460937500000000000000E-02
    0.686938171386718750000000000000000000000000E+02    0.130200851708650588989257812500000000000000E-02
    0.700815582275390625000000000000000000000000E+02    0.123240565881133079528808593750000000000000E-02
    0.714972610473632812500000000000000000000000E+02    0.116648967377841472625732421875000000000000E-02
    0.729416351318359375000000000000000000000000E+02    0.110406684689223766326904296875000000000000E-02
    0.744151153564453125000000000000000000000000E+02    0.104495312552899122238159179687500000000000E-02
    0.759184341430664062500000000000000000000000E+02    0.988974585197865962982177734375000000000000E-03
    0.774520568847656250000000000000000000000000E+02    0.935965974349528551101684570312500000000000E-03
    0.790167236328125000000000000000000000000000E+02    0.885771063622087240219116210937500000000000E-03
    0.806129302978515625000000000000000000000000E+02    0.838241598103195428848266601562500000000000E-03
    0.822414550781250000000000000000000000000000E+02    0.793237180914729833602905273437500000000000E-03
    0.839028015136718750000000000000000000000000E+02    0.750624632928520441055297851562500000000000E-03
    0.855977935791015625000000000000000000000000E+02    0.710277992766350507736206054687500000000000E-03
    0.873269348144531250000000000000000000000000E+02    0.672077643685042858123779296875000000000000E-03
    0.890910949707031250000000000000000000000000E+02    0.635910371784120798110961914062500000000000E-03
    0.908908081054687500000000000000000000000000E+02    0.601668958552181720733642578125000000000000E-03
    0.927269744873046875000000000000000000000000E+02    0.569251656997948884963989257812500000000000E-03
    0.946001358032226562500000000000000000000000E+02    0.538562075234949588775634765625000000000000E-03
    0.965112304687500000000000000000000000000000E+02    0.509508710820227861404418945312500000000000E-03
    0.984608383178710937500000000000000000000000E+02    0.482004950754344463348388671875000000000000E-03
    0.100449920654296875000000000000000000000000E+03    0.455968634923920035362243652343750000000000E-03
    0.102479194641113281250000000000000000000000E+03    0.431322114309296011924743652343750000000000E-03
    0.104549354553222656250000000000000000000000E+03    0.407991698011755943298339843750000000000000E-03
    0.106661445617675781250000000000000000000000E+03    0.385907711461186408996582031250000000000000E-03
    0.108816093444824218750000000000000000000000E+03    0.365004030754789710044860839843750000000000E-03
    0.111014373779296875000000000000000000000000E+03    0.345218140864744782447814941406250000000000E-03
    0.113256958007812500000000000000000000000000E+03    0.326490786392241716384887695312500000000000E-03
    0.115544944763183593750000000000000000000000E+03    0.308765796944499015808105468750000000000000E-03
    0.117879058837890625000000000000000000000000E+03    0.291990058030933141708374023437500000000000E-03
    0.120260421752929687500000000000000000000000E+03    0.276113190921023488044738769531250000000000E-03
    0.122689781188964843750000000000000000000000E+03    0.261087523540481925010681152343750000000000E-03
    0.125168350219726562500000000000000000000000E+03    0.246867828536778688430786132812500000000000E-03
    0.127696846008300781250000000000000000000000E+03    0.233411337831057608127593994140625000000000E-03
    0.130276565551757812500000000000000000000000E+03    0.220677524339407682418823242187500000000000E-03
    0.132908248901367187500000000000000000000000E+03    0.208627883694134652614593505859375000000000E-03
    0.135593231201171875000000000000000000000000E+03    0.197225919691845774650573730468750000000000E-03
    0.138332336425781250000000000000000000000000E+03    0.186437115189619362354278564453125000000000E-03
    0.141126892089843750000000000000000000000000E+03    0.176228757482022047042846679687500000000000E-03
    0.143977767944335937500000000000000000000000E+03    0.166569894645363092422485351562500000000000E-03
    0.146886383056640625000000000000000000000000E+03    0.157431233674287796020507812500000000000000E-03
    0.149853607177734375000000000000000000000000E+03    0.148785024066455662250518798828125000000000E-03
    0.152880935668945312500000000000000000000000E+03    0.140605028718709945678710937500000000000000E-03
    0.155969253540039062500000000000000000000000E+03    0.132866363856010138988494873046875000000000E-03
    0.159120101928710937500000000000000000000000E+03    0.125545499031431972980499267578125000000000E-03
    0.162334472656250000000000000000000000000000E+03    0.118620133434887975454330444335937500000000E-03
    0.165613922119140625000000000000000000000000E+03    0.112069188617169857025146484375000000000000E-03
    0.168959625244140625000000000000000000000000E+03    0.105872670246753841638565063476562500000000E-03
    0.172372741699218750000000000000000000000000E+03    0.100011660833843052387237548828125000000000E-03
    0.175854980468750000000000000000000000000000E+03    0.944682469707913696765899658203125000000000E-04
    0.179407409667968750000000000000000000000000E+03    0.892254611244425177574157714843750000000000E-04
    0.183031753540039062500000000000000000000000E+03    0.842672452563419938087463378906250000000000E-04
    0.186729156494140625000000000000000000000000E+03    0.795783125795423984527587890625000000000000E-04
    0.190501419067382812500000000000000000000000E+03    0.751442275941371917724609375000000000000000E-04
    0.194349700927734375000000000000000000000000E+03    0.709513114998117089271545410156250000000000E-04
    0.198275924682617187500000000000000000000000E+03    0.669866130920127034187316894531250000000000E-04
    0.202281250000000000000000000000000000000000E+03    0.632378942100331187248229980468750000000000E-04
    0.206367706298828125000000000000000000000000E+03    0.596935642533935606479644775390625000000000E-04
    0.210536499023437500000000000000000000000000E+03    0.563426510780118405818939208984375000000000E-04
    0.214789718627929687500000000000000000000000E+03    0.531747755303513258695602416992187500000000E-04
    0.219128646850585937500000000000000000000000E+03    0.501801077916752547025680541992187500000000E-04
    0.223555450439453125000000000000000000000000E+03    0.473493491881527006626129150390625000000000E-04
    0.228071472167968750000000000000000000000000E+03    0.446736994490493088960647583007812500000000E-04
    0.232678924560546875000000000000000000000000E+03    0.421448166889604181051254272460937500000000E-04
    0.237379211425781250000000000000000000000000E+03    0.397548210457898676395416259765625000000000E-04
    0.242174713134765625000000000000000000000000E+03    0.374962364730890840291976928710937500000000E-04
    0.247066848754882812500000000000000000000000E+03    0.353619980160146951675415039062500000000000E-04
    0.252058044433593750000000000000000000000000E+03    0.333454154315404593944549560546875000000000E-04
    0.257149810791015625000000000000000000000000E+03    0.314401440846268087625503540039062500000000E-04
    0.262344726562500000000000000000000000000000E+03    0.296401867672102525830268859863281250000000E-04
    0.267644287109375000000000000000000000000000E+03    0.279398609563941136002540588378906250000000E-04
    0.273051177978515625000000000000000000000000E+03    0.263337897195015102624893188476562500000000E-04
    0.278567047119140625000000000000000000000000E+03    0.248168817051919177174568176269531250000000E-04
    0.284194610595703125000000000000000000000000E+03    0.233843165915459394454956054687500000000000E-04
    0.289935882568359375000000000000000000000000E+03    0.220315305341500788927078247070312500000000E-04
    0.295792785644531250000000000000000000000000E+03    0.207542034331709146499633789062500000000000E-04
    0.301768341064453125000000000000000000000000E+03    0.195482462004292756319046020507812500000000E-04
    0.307864318847656250000000000000000000000000E+03    0.184097880264744162559509277343750000000000E-04
    0.314083740234375000000000000000000000000000E+03    0.173351600096793845295906066894531250000000E-04
    0.320428497314453125000000000000000000000000E+03    0.163208969752304255962371826171875000000000E-04
    0.326901702880859375000000000000000000000000E+03    0.153637083712965250015258789062500000000000E-04
    0.333505401611328125000000000000000000000000E+03    0.144604891829658299684524536132812500000000E-04
    0.340242828369140625000000000000000000000000E+03    0.136082926474045962095260620117187500000000E-04
    0.347116027832031250000000000000000000000000E+03    0.128043320728465914726257324218750000000000E-04
    0.354128387451171875000000000000000000000000E+03    0.120459726531407795846462249755859375000000E-04
    0.361282073974609375000000000000000000000000E+03    0.113307423816877417266368865966796875000000E-04
    0.368580627441406250000000000000000000000000E+03    0.106563084045774303376674652099609375000000E-04
    0.376026275634765625000000000000000000000000E+03    0.100204570117057301104068756103515625000000E-04
    0.383622650146484375000000000000000000000000E+03    0.942108727031154558062553405761718750000000E-05
    0.391372161865234375000000000000000000000000E+03    0.885620374901918694376945495605468750000000E-05
    0.399278594970703125000000000000000000000000E+03    0.832391651783837005496025085449218750000000E-05
    0.407344360351562500000000000000000000000000E+03    0.782243114372249692678451538085937500000000E-05
    0.415573425292968750000000000000000000000000E+03    0.735004596208455041050910949707031250000000E-05
    0.423968383789062500000000000000000000000000E+03    0.690514980306033976376056671142578125000000E-05
    0.432533294677734375000000000000000000000000E+03    0.648621335130883380770683288574218750000000E-05
    0.441270843505859375000000000000000000000000E+03    0.609178914601216092705726623535156250000000E-05
    0.450185302734375000000000000000000000000000E+03    0.572050475966534577310085296630859375000000E-05
    0.459279449462890625000000000000000000000000E+03    0.537106188858160749077796936035156250000000E-05
    0.468557678222656250000000000000000000000000E+03    0.504222998642944730818271636962890625000000E-05
    0.478023437500000000000000000000000000000000E+03    0.473284399049589410424232482910156250000000E-05
    0.487679901123046875000000000000000000000000E+03    0.444180250269710086286067962646484375000000E-05
    0.497531890869140625000000000000000000000000E+03    0.416806733483099378645420074462890625000000E-05
    0.507582427978515625000000000000000000000000E+03    0.391067351301899179816246032714843750000000E-05
    0.517836547851562500000000000000000000000000E+03    0.366870813195419032126665115356445312500000E-05
    0.528297302246093750000000000000000000000000E+03    0.344130216944904532283544540405273437500000E-05
    0.538969848632812500000000000000000000000000E+03    0.322763071380904875695705413818359375000000E-05
    0.549857482910156250000000000000000000000000E+03    0.302691069009597413241863250732421875000000E-05
    0.560965576171875000000000000000000000000000E+03    0.283839904113847296684980392456054687500000E-05
    0.572297607421875000000000000000000000000000E+03    0.266139113591634668409824371337890625000000E-05
    0.583859008789062500000000000000000000000000E+03    0.249521917794481851160526275634765625000000E-05
    0.595653442382812500000000000000000000000000E+03    0.233925084103248082101345062255859375000000E-05
    0.607686706542968750000000000000000000000000E+03    0.219288722291821613907814025878906250000000E-05
    0.619962463378906250000000000000000000000000E+03    0.205556193577649537473917007446289062500000E-05
    0.632486877441406250000000000000000000000000E+03    0.192673928722797427326440811157226562500000E-05
    0.645263610839843750000000000000000000000000E+03    0.180591268872376531362533569335937500000000E-05
    0.658299133300781250000000000000000000000000E+03    0.169260385973757365718483924865722656250000E-05
    0.671597290039062500000000000000000000000000E+03    0.158636100877629360184073448181152343750000E-05
    0.685164794921875000000000000000000000000000E+03    0.148675746913795592263340950012207031250000E-05
    0.699005676269531250000000000000000000000000E+03    0.139338817461975850164890289306640625000000E-05
    0.713126892089843750000000000000000000000000E+03    0.130586795421550050377845764160156250000000E-05
    0.727532653808593750000000000000000000000000E+03    0.122383460166020086035132408142089843750000E-05
    0.742230102539062500000000000000000000000000E+03    0.114694796593539649620652198791503906250000E-05
    0.757223754882812500000000000000000000000000E+03    0.107488847334025194868445396423339843750000E-05
    0.772521057128906250000000000000000000000000E+03    0.100735621799685759469866752624511718750000E-05
    0.788127380371093750000000000000000000000000E+03    0.944069256547663826495409011840820312500000E-06
    0.804048156738281250000000000000000000000000E+03    0.884762982877873582765460014343261718750000E-06
    0.820291442871093750000000000000000000000000E+03    0.829189048090483993291854858398437500000000E-06
    0.836861999511718750000000000000000000000000E+03    0.777114280481328023597598075866699218750000E-06
    0.853768066406250000000000000000000000000000E+03    0.728319776044372702017426490783691406250000E-06
    0.871014953613281250000000000000000000000000E+03    0.682600273194111650809645652770996093750000E-06
    0.888611083984375000000000000000000000000000E+03    0.639762959053769009187817573547363281250000E-06
    0.906562561035156250000000000000000000000000E+03    0.599627071551367407664656639099121093750000E-06
    0.924875000000000000000000000000000000000000E+03    0.562022989925026195123791694641113281250000E-06
    0.943559204101562500000000000000000000000000E+03    0.526791552601935109123587608337402343750000E-06
    0.962620788574218750000000000000000000000000E+03    0.493783431920746807008981704711914062500000E-06
    0.982067504882812500000000000000000000000000E+03    0.462857201455335598438978195190429687500000E-06
    0.100190509033203125000000000000000000000000E+04    0.433879932870695483870804309844970703125000E-06
    0.102214538574218750000000000000000000000000E+04    0.406727309609777876175940036773681640625000E-06
    0.104279455566406250000000000000000000000000E+04    0.381283058459302992559969425201416015625000E-06
    0.106386083984375000000000000000000000000000E+04    0.357438494802408968098461627960205078125000E-06
    0.108535070800781250000000000000000000000000E+04    0.335091897341044386848807334899902343750000E-06
    0.110727673339843750000000000000000000000000E+04    0.314148138613745686598122119903564453125000E-06
    0.112964575195312500000000000000000000000000E+04    0.294518315513414563611149787902832031250000E-06
    0.115246667480468750000000000000000000000000E+04    0.276119124009710503742098808288574218750000E-06
    0.117574621582031250000000000000000000000000E+04    0.258872717040503630414605140686035156250000E-06
    0.119949841308593750000000000000000000000000E+04    0.242706164499395526945590972900390625000000E-06
    0.122373059082031250000000000000000000000000E+04    0.227551311127172084525227546691894531250000E-06
    0.124845202636718750000000000000000000000000E+04    0.213344307553597900550812482833862304687500E-06
    0.127367065429687500000000000000000000000000E+04    0.200025382923740835394710302352905273437500E-06
    0.129940112304687500000000000000000000000000E+04    0.187538631735151284374296665191650390625000E-06
