    0.999999974737875163555145263671875000000000E-04    0.443746368408203125000000000000000000000000E+03
    0.102020130725577473640441894531250000000000E-03    0.452394012451171875000000000000000000000000E+03
    0.104081082099582999944686889648437500000000E-03    0.461209960937500000000000000000000000000000E+03
    0.106183659227099269628524780273437500000000E-03    0.470197540283203125000000000000000000000000E+03
    0.108328706119209527969360351562500000000000E-03    0.479360076904296875000000000000000000000000E+03
    0.110517095890827476978302001953125000000000E-03    0.488700897216796875000000000000000000000000E+03
    0.112749679828993976116180419921875000000000E-03    0.498223510742187500000000000000000000000000E+03
    0.115027374704368412494659423828125000000000E-03    0.507931457519531250000000000000000000000000E+03
    0.117351090011652559041976928710937500000000E-03    0.517828247070312500000000000000000000000000E+03
    0.119721727969590574502944946289062500000000E-03    0.527917602539062500000000000000000000000000E+03
    0.122140278108417987823486328125000000000000E-03    0.538203247070312500000000000000000000000000E+03
    0.124607671750709414482116699218750000000000E-03    0.548688964843750000000000000000000000000000E+03
    0.127124920254573225975036621093750000000000E-03    0.559378601074218750000000000000000000000000E+03
    0.129692998598329722881317138671875000000000E-03    0.570276123046875000000000000000000000000000E+03
    0.132312969071790575981140136718750000000000E-03    0.581385559082031250000000000000000000000000E+03
    0.134985879412852227687835693359375000000000E-03    0.592710998535156250000000000000000000000000E+03
    0.137712777359411120414733886718750000000000E-03    0.604256591796875000000000000000000000000000E+03
    0.140494754305109381675720214843750000000000E-03    0.616026611328125000000000000000000000000000E+03
    0.143332930747419595718383789062500000000000E-03    0.628025329589843750000000000000000000000000E+03
    0.146228456287644803524017333984375000000000E-03    0.640257263183593750000000000000000000000000E+03
    0.149182465975172817707061767578125000000000E-03    0.652726806640625000000000000000000000000000E+03
    0.152196153067052364349365234375000000000000E-03    0.665438598632812500000000000000000000000000E+03
    0.155270710820332169532775878906250000000000E-03    0.678397338867187500000000000000000000000000E+03
    0.158407390699721872806549072265625000000000E-03    0.691607727050781250000000000000000000000000E+03
    0.161607444169931113719940185546875000000000E-03    0.705074645996093750000000000000000000000000E+03
    0.164872122695669531822204589843750000000000E-03    0.718803039550781250000000000000000000000000E+03
    0.168202750501222908496856689453125000000000E-03    0.732797912597656250000000000000000000000000E+03
    0.171600666362792253494262695312500000000000E-03    0.747064453125000000000000000000000000000000E+03
    0.175067238160409033298492431640625000000000E-03    0.761607849121093750000000000000000000000000E+03
    0.178603833774104714393615722656250000000000E-03    0.776433471679687500000000000000000000000000E+03
    0.182211864739656448364257812500000000000000E-03    0.791546691894531250000000000000000000000000E+03
    0.185892800800502300262451171875000000000000E-03    0.806953125000000000000000000000000000000000E+03
    0.189648068044334650039672851562500000000000E-03    0.822658325195312500000000000000000000000000E+03
    0.193479223526082932949066162109375000000000E-03    0.838668090820312500000000000000000000000000E+03
    0.197387780644930899143218994140625000000000E-03    0.854988281250000000000000000000000000000000E+03
    0.201375267351977527141571044921875000000000E-03    0.871624816894531250000000000000000000000000E+03
    0.205443298909813165664672851562500000000000E-03    0.888583862304687500000000000000000000000000E+03
    0.209593548788689076900482177734375000000000E-03    0.905871459960937500000000000000000000000000E+03
    0.213827603147365152835845947265625000000000E-03    0.923493957519531250000000000000000000000000E+03
    0.218147222767584025859832763671875000000000E-03    0.941457641601562500000000000000000000000000E+03
    0.222554081119596958160400390625000000000000E-03    0.959769104003906250000000000000000000000000E+03
    0.227049968088977038860321044921875000000000E-03    0.978434875488281250000000000000000000000000E+03
    0.231636688113212585449218750000000000000000E-03    0.997461730957031250000000000000000000000000E+03
    0.236316060181707143783569335937500000000000E-03    0.101685650634765625000000000000000000000000E+04
    0.241089961491525173187255859375000000000000E-03    0.103662609863281250000000000000000000000000E+04
    0.245960312895476818084716796875000000000000E-03    0.105677783203125000000000000000000000000000E+04
    0.250929006142541766166687011718750000000000E-03    0.107731872558593750000000000000000000000000E+04
    0.255998136708512902259826660156250000000000E-03    0.109825634765625000000000000000000000000000E+04
    0.261169654550030827522277832031250000000000E-03    0.111959802246093750000000000000000000000000E+04
    0.266445596935227513313293457031250000000000E-03    0.114135144042968750000000000000000000000000E+04
    0.271828175755217671394348144531250000000000E-03    0.116352441406250000000000000000000000000000E+04
    0.277319486485794186592102050781250000000000E-03    0.118612487792968750000000000000000000000000E+04
    0.282921682810410857200622558593750000000000E-03    0.120916088867187500000000000000000000000000E+04
    0.288637093035504221916198730468750000000000E-03    0.123264074707031250000000000000000000000000E+04
    0.294467929052188992500305175781250000000000E-03    0.125657263183593750000000000000000000000000E+04
    0.300416606478393077850341796875000000000000E-03    0.128096508789062500000000000000000000000000E+04
    0.306485395412892103195190429687500000000000E-03    0.130582702636718750000000000000000000000000E+04
    0.312676827888935804367065429687500000000000E-03    0.133116699218750000000000000000000000000000E+04
    0.318993290420621633529663085937500000000000E-03    0.135699414062500000000000000000000000000000E+04
    0.325437402352690696716308593750000000000000E-03    0.138331750488281250000000000000000000000000E+04
    0.332011666614562273025512695312500000000000E-03    0.141014648437500000000000000000000000000000E+04
    0.338718760758638381958007812500000000000000E-03    0.143749047851562500000000000000000000000000E+04
    0.345561362337321043014526367187500000000000E-03    0.146535913085937500000000000000000000000000E+04
    0.352542119799181818962097167968750000000000E-03    0.149376196289062500000000000000000000000000E+04
    0.359663943527266383171081542968750000000000E-03    0.152270886230468750000000000000000000000000E+04
    0.366929627489298582077026367187500000000000E-03    0.155220983886718750000000000000000000000000E+04
    0.374342111172154545783996582031250000000000E-03    0.158227502441406250000000000000000000000000E+04
    0.381904304958879947662353515625000000000000E-03    0.161291479492187500000000000000000000000000E+04
    0.389619322959333658218383789062500000000000E-03    0.164413952636718750000000000000000000000000E+04
    0.397490162868052721023559570312500000000000E-03    0.167596008300781250000000000000000000000000E+04
    0.405519997002556920051574707031250000000000E-03    0.170838720703125000000000000000000000000000E+04
    0.413712026784196496009826660156250000000000E-03    0.174143188476562500000000000000000000000000E+04
    0.422069540945813059806823730468750000000000E-03    0.177510546875000000000000000000000000000000E+04
    0.430595915531739592552185058593750000000000E-03    0.180941943359375000000000000000000000000000E+04
    0.439294555690139532089233398437500000000000E-03    0.184438513183593750000000000000000000000000E+04
    0.448168895673006772994995117187500000000000E-03    0.188001440429687500000000000000000000000000E+04
    0.457222486147657036781311035156250000000000E-03    0.191631945800781250000000000000000000000000E+04
    0.466458965092897415161132812500000000000000E-03    0.195331225585937500000000000000000000000000E+04
    0.475882086902856826782226562500000000000000E-03    0.199100537109375000000000000000000000000000E+04
    0.485495547764003276824951171875000000000000E-03    0.202941113281250000000000000000000000000000E+04
    0.495303189381957054138183593750000000000000E-03    0.206854248046875000000000000000000000000000E+04
    0.505309028085321187973022460937500000000000E-03    0.210841235351562500000000000000000000000000E+04
    0.515516963787376880645751953125000000000000E-03    0.214903417968750000000000000000000000000000E+04
    0.525931071024388074874877929687500000000000E-03    0.219042089843750000000000000000000000000000E+04
    0.536555540747940540313720703125000000000000E-03    0.223258666992187500000000000000000000000000E+04
    0.547394680324941873550415039062500000000000E-03    0.227554492187500000000000000000000000000000E+04
    0.558452797122299671173095703125000000000000E-03    0.231931005859375000000000000000000000000000E+04
    0.569734314922243356704711914062500000000000E-03    0.236389575195312500000000000000000000000000E+04
    0.581243715714663267135620117187500000000000E-03    0.240931640625000000000000000000000000000000E+04
    0.592985597904771566390991210937500000000000E-03    0.245558618164062500000000000000000000000000E+04
    0.604964734520763158798217773437500000000000E-03    0.250271972656250000000000000000000000000000E+04
    0.617185782175511121749877929687500000000000E-03    0.255073193359375000000000000000000000000000E+04
    0.629653746727854013442993164062500000000000E-03    0.259963769531250000000000000000000000000000E+04
    0.642373692244291305541992187500000000000000E-03    0.264945214843750000000000000000000000000000E+04
    0.655350449960678815841674804687500000000000E-03    0.270019067382812500000000000000000000000000E+04
    0.668589433189481496810913085937500000000000E-03    0.275186889648437500000000000000000000000000E+04
    0.682095822412520647048950195312500000000000E-03    0.280450268554687500000000000000000000000000E+04
    0.695875030942261219024658203125000000000000E-03    0.285810791015625000000000000000000000000000E+04
    0.709932646714150905609130859375000000000000E-03    0.291270117187500000000000000000000000000000E+04
    0.724274199455976486206054687500000000000000E-03    0.296829858398437500000000000000000000000000E+04
    0.738905626349151134490966796875000000000000E-03    0.302491699218750000000000000000000000000000E+04
    0.753832457121461629867553710937500000000000E-03    0.308257299804687500000000000000000000000000E+04
    0.769060861784964799880981445312500000000000E-03    0.314128417968750000000000000000000000000000E+04
    0.784596893936395645141601562500000000000000E-03    0.320106787109375000000000000000000000000000E+04
    0.800446781795471906661987304687500000000000E-03    0.326194116210937500000000000000000000000000E+04
    0.816616869997233152389526367187500000000000E-03    0.332392236328125000000000000000000000000000E+04
    0.833113677799701690673828125000000000000000E-03    0.338702905273437500000000000000000000000000E+04
    0.849943608045578002929687500000000000000000E-03    0.345127978515625000000000000000000000000000E+04
    0.867113587446510791778564453125000000000000E-03    0.351669287109375000000000000000000000000000E+04
    0.884630659129470586776733398437500000000000E-03    0.358328710937500000000000000000000000000000E+04
    0.902501342352479696273803710937500000000000E-03    0.365108129882812500000000000000000000000000E+04
    0.920733029488474130630493164062500000000000E-03    0.372009448242187500000000000000000000000000E+04
    0.939333112910389900207519531250000000000000E-03    0.379034521484375000000000000000000000000000E+04
    0.958308868575841188430786132812500000000000E-03    0.386185205078125000000000000000000000000000E+04
    0.977667979896068572998046875000000000000000E-03    0.393463378906250000000000000000000000000000E+04
    0.997418188489973545074462890625000000000000E-03    0.400870898437500000000000000000000000000000E+04
    0.101756735239177942276000976562500000000000E-02    0.408409667968750000000000000000000000000000E+04
    0.103812362067401409149169921875000000000000E-02    0.416081591796875000000000000000000000000000E+04
    0.105909502599388360977172851562500000000000E-02    0.423888623046875000000000000000000000000000E+04
    0.108049006666988134384155273437500000000000E-02    0.431832666015625000000000000000000000000000E+04
    0.110231747385114431381225585937500000000000E-02    0.439915673828125000000000000000000000000000E+04
    0.112458574585616588592529296875000000000000E-02    0.448139599609375000000000000000000000000000E+04
    0.114730407949537038803100585937500000000000E-02    0.456506445312500000000000000000000000000000E+04
    0.117048120591789484024047851562500000000000E-02    0.465018164062500000000000000000000000000000E+04
    0.119412643834948539733886718750000000000000E-02    0.473676757812500000000000000000000000000000E+04
    0.121824943926185369491577148437500000000000E-02    0.482484228515625000000000000000000000000000E+04
    0.124285963829606771469116210937500000000000E-02    0.491442626953125000000000000000000000000000E+04
    0.126796704716980457305908203125000000000000E-02    0.500553955078125000000000000000000000000000E+04
    0.129358167760074138641357421875000000000000E-02    0.509820214843750000000000000000000000000000E+04
    0.131971365772187709808349609375000000000000E-02    0.519243457031250000000000000000000000000000E+04
    0.134637358132749795913696289062500000000000E-02    0.528825781250000000000000000000000000000000E+04
    0.137357215862721204757690429687500000000000E-02    0.538569189453125000000000000000000000000000E+04
    0.140132009983062744140625000000000000000000E-02    0.548475732421875000000000000000000000000000E+04
    0.142962858080863952636718750000000000000000E-02    0.558547509765625000000000000000000000000000E+04
    0.145850901026278734207153320312500000000000E-02    0.568786572265625000000000000000000000000000E+04
    0.148797314614057540893554687500000000000000E-02    0.579195019531250000000000000000000000000000E+04
    0.151803228072822093963623046875000000000000E-02    0.589774853515625000000000000000000000000000E+04
    0.154869852121919393539428710937500000000000E-02    0.600527978515625000000000000000000000000000E+04
    0.157998420763760805130004882812500000000000E-02    0.611456201171875000000000000000000000000000E+04
    0.161190202925354242324829101562500000000000E-02    0.622561328125000000000000000000000000000000E+04
    0.164446467533707618713378906250000000000000E-02    0.633845166015625000000000000000000000000000E+04
    0.167768495157361030578613281250000000000000E-02    0.645309472656250000000000000000000000000000E+04
    0.171157636214047670364379882812500000000000E-02    0.656955908203125000000000000000000000000000E+04
    0.174615241121500730514526367187500000000000E-02    0.668786279296875000000000000000000000000000E+04
    0.178142695222049951553344726562500000000000E-02    0.680802246093750000000000000000000000000000E+04
    0.181741418782621622085571289062500000000000E-02    0.693005419921875000000000000000000000000000E+04
    0.185412843711674213409423828125000000000000E-02    0.705397509765625000000000000000000000000000E+04
    0.189158413559198379516601562500000000000000E-02    0.717980029296875000000000000000000000000000E+04
    0.192979711573570966720581054687500000000000E-02    0.730754541015625000000000000000000000000000E+04
    0.196878169663250446319580078125000000000000E-02    0.743722607421875000000000000000000000000000E+04
    0.200855359435081481933593750000000000000000E-02    0.756885693359375000000000000000000000000000E+04
    0.204912899062037467956542968750000000000000E-02    0.770245214843750000000000000000000000000000E+04
    0.209052418358623981475830078125000000000000E-02    0.783802636718750000000000000000000000000000E+04
    0.213275570422410964965820312500000000000000E-02    0.797559228515625000000000000000000000000000E+04
    0.217583985067903995513916015625000000000000E-02    0.811516357421875000000000000000000000000000E+04
    0.221979478374123573303222656250000000000000E-02    0.825675195312500000000000000000000000000000E+04
    0.226463773287832736968994140625000000000000E-02    0.840037109375000000000000000000000000000000E+04
    0.231038639321923255920410156250000000000000E-02    0.854603027343750000000000000000000000000000E+04
    0.235705915838479995727539062500000000000000E-02    0.869374218750000000000000000000000000000000E+04
    0.240467488765716552734375000000000000000000E-02    0.884351660156250000000000000000000000000000E+04
    0.245325244031846523284912109375000000000000E-02    0.899536230468750000000000000000000000000000E+04
    0.250281183980405330657958984375000000000000E-02    0.914928906250000000000000000000000000000000E+04
    0.255337217822670936584472656250000000000000E-02    0.930529980468750000000000000000000000000000E+04
    0.260495371185243129730224609375000000000000E-02    0.946339746093750000000000000000000000000000E+04
    0.265757716260850429534912109375000000000000E-02    0.962358300781250000000000000000000000000000E+04
    0.271126371808350086212158203125000000000000E-02    0.978585644531250000000000000000000000000000E+04
    0.276603479869663715362548828125000000000000E-02    0.995021777343750000000000000000000000000000E+04
    0.282191229052841663360595703125000000000000E-02    0.101166630859375000000000000000000000000000E+05
    0.287891877815127372741699218750000000000000E-02    0.102851884765625000000000000000000000000000E+05
    0.293707661330699920654296875000000000000000E-02    0.104557910156250000000000000000000000000000E+05
    0.299640954472124576568603515625000000000000E-02    0.106284628906250000000000000000000000000000E+05
    0.305694085545837879180908203125000000000000E-02    0.108031972656250000000000000000000000000000E+05
    0.311869522556662559509277343750000000000000E-02    0.109799843750000000000000000000000000000000E+05
    0.318169780075550079345703125000000000000000E-02    0.111588154296875000000000000000000000000000E+05
    0.324597232975065708160400390625000000000000E-02    0.113396767578125000000000000000000000000000E+05
    0.331154512241482734680175781250000000000000E-02    0.115225566406250000000000000000000000000000E+05
    0.337844272144138813018798828125000000000000E-02    0.117074384765625000000000000000000000000000E+05
    0.344669190235435962677001953125000000000000E-02    0.118943076171875000000000000000000000000000E+05
    0.351631967350840568542480468750000000000000E-02    0.120831445312500000000000000000000000000000E+05
    0.358735374175012111663818359375000000000000E-02    0.122739296875000000000000000000000000000000E+05
    0.365982321090996265411376953125000000000000E-02    0.124666416015625000000000000000000000000000E+05
    0.373375625349581241607666015625000000000000E-02    0.126612568359375000000000000000000000000000E+05
    0.380918313749134540557861328125000000000000E-02    0.128577500000000000000000000000000000000000E+05
    0.388613343238830566406250000000000000000000E-02    0.130560957031250000000000000000000000000000E+05
    0.396463880315423011779785156250000000000000E-02    0.132562636718750000000000000000000000000000E+05
    0.404472928494215011596679687500000000000000E-02    0.134582236328125000000000000000000000000000E+05
    0.412643933668732643127441406250000000000000E-02    0.136619414062500000000000000000000000000000E+05
    0.420979922637343406677246093750000000000000E-02    0.138673769531250000000000000000000000000000E+05
    0.429484248161315917968750000000000000000000E-02    0.140744824218750000000000000000000000000000E+05
    0.438160402700304985046386718750000000000000E-02    0.142832099609375000000000000000000000000000E+05
    0.447011832147836685180664062500000000000000E-02    0.144935078125000000000000000000000000000000E+05
    0.456042028963565826416015625000000000000000E-02    0.147053232421875000000000000000000000000000E+05
    0.465254718437790870666503906250000000000000E-02    0.149186005859375000000000000000000000000000E+05
    0.474653439596295356750488281250000000000000E-02    0.151332783203125000000000000000000000000000E+05
    0.484242103993892669677734375000000000000000E-02    0.153492978515625000000000000000000000000000E+05
    0.494024436920881271362304687500000000000000E-02    0.155665937500000000000000000000000000000000E+05
    0.504004349932074546813964843750000000000000E-02    0.157851005859375000000000000000000000000000E+05
    0.514185894280672073364257812500000000000000E-02    0.160047480468750000000000000000000000000000E+05
    0.524573167786002159118652343750000000000000E-02    0.162254638671875000000000000000000000000000E+05
    0.535170361399650573730468750000000000000000E-02    0.164471699218750000000000000000000000000000E+05
    0.545981479808688163757324218750000000000000E-02    0.166697832031250000000000000000000000000000E+05
    0.557011039927601814270019531250000000000000E-02    0.168932187500000000000000000000000000000000E+05
    0.568263372406363487243652343750000000000000E-02    0.171173808593750000000000000000000000000000E+05
    0.579743087291717529296875000000000000000000E-02    0.173421816406250000000000000000000000000000E+05
    0.591454654932022094726562500000000000000000E-02    0.175675234375000000000000000000000000000000E+05
    0.603402825072407722473144531250000000000000E-02    0.177933027343750000000000000000000000000000E+05
    0.615592347458004951477050781250000000000000E-02    0.180194121093750000000000000000000000000000E+05
    0.628028111532330513000488281250000000000000E-02    0.182457402343750000000000000000000000000000E+05
    0.640715099871158599853515625000000000000000E-02    0.184721718750000000000000000000000000000000E+05
    0.653658434748649597167968750000000000000000E-02    0.186985878906250000000000000000000000000000E+05
    0.666863145306706428527832031250000000000000E-02    0.189248652343750000000000000000000000000000E+05
    0.680334679782390594482421875000000000000000E-02    0.191508769531250000000000000000000000000000E+05
    0.694078346714377403259277343750000000000000E-02    0.193764882812500000000000000000000000000000E+05
    0.708099640905857086181640625000000000000000E-02    0.196015585937500000000000000000000000000000E+05
    0.722404150292277336120605468750000000000000E-02    0.198259414062500000000000000000000000000000E+05
    0.736997742205858230590820312500000000000000E-02    0.200494902343750000000000000000000000000000E+05
    0.751886051148176193237304687500000000000000E-02    0.202720546875000000000000000000000000000000E+05
    0.767075084149837493896484375000000000000000E-02    0.204934785156250000000000000000000000000000E+05
    0.782571360468864440917968750000000000000000E-02    0.207135957031250000000000000000000000000000E+05
    0.798380374908447265625000000000000000000000E-02    0.209322343750000000000000000000000000000000E+05
    0.814508739858865737915039062500000000000000E-02    0.211492167968750000000000000000000000000000E+05
    0.830962881445884704589843750000000000000000E-02    0.213643671875000000000000000000000000000000E+05
    0.847749505192041397094726562500000000000000E-02    0.215775000000000000000000000000000000000000E+05
    0.864875130355358123779296875000000000000000E-02    0.217884277343750000000000000000000000000000E+05
    0.882346741855144500732421875000000000000000E-02    0.219969589843750000000000000000000000000000E+05
    0.900171231478452682495117187500000000000000E-02    0.222028847656250000000000000000000000000000E+05
    0.918355956673622131347656250000000000000000E-02    0.224059941406250000000000000000000000000000E+05
    0.936907902359962463378906250000000000000000E-02    0.226060761718750000000000000000000000000000E+05
    0.955834705382585525512695312500000000000000E-02    0.228029140625000000000000000000000000000000E+05
    0.975143909454345703125000000000000000000000E-02    0.229962910156250000000000000000000000000000E+05
    0.994843058288097381591796875000000000000000E-02    0.231859824218750000000000000000000000000000E+05
    0.101494016125798225402832031250000000000000E-01    0.233717460937500000000000000000000000000000E+05
    0.103544332087039947509765625000000000000000E-01    0.235533378906250000000000000000000000000000E+05
    0.105636063963174819946289062500000000000000E-01    0.237305156250000000000000000000000000000000E+05
    0.107770059257745742797851562500000000000000E-01    0.239030312500000000000000000000000000000000E+05
    0.109947146847844123840332031250000000000000E-01    0.240706347656250000000000000000000000000000E+05
    0.112168220803141593933105468750000000000000E-01    0.242330761718750000000000000000000000000000E+05
    0.114434175193309783935546875000000000000000E-01    0.243900839843750000000000000000000000000000E+05
    0.116745894774794578552246093750000000000000E-01    0.245413886718750000000000000000000000000000E+05
    0.119104310870170593261718750000000000000000E-01    0.246867128906250000000000000000000000000000E+05
    0.121510382741689682006835937500000000000000E-01    0.248257832031250000000000000000000000000000E+05
    0.123965051025152206420898437500000000000000E-01    0.249583300781250000000000000000000000000000E+05
    0.126469302922487258911132812500000000000000E-01    0.250840800781250000000000000000000000000000E+05
    0.129024153575301170349121093750000000000000E-01    0.252027480468750000000000000000000000000000E+05
    0.131630674004554748535156250000000000000000E-01    0.253140390625000000000000000000000000000000E+05
    0.134289795532822608947753906250000000000000E-01    0.254176601562500000000000000000000000000000E+05
    0.137002617120742797851562500000000000000000E-01    0.255133261718750000000000000000000000000000E+05
    0.139770256355404853820800781250000000000000E-01    0.256007519531250000000000000000000000000000E+05
    0.142593793570995330810546875000000000000000E-01    0.256796621093750000000000000000000000000000E+05
    0.145474374294281005859375000000000000000000E-01    0.257497734375000000000000000000000000000000E+05
    0.148413162678480148315429687500000000000000E-01    0.258107890625000000000000000000000000000000E+05
    0.151411294937133789062500000000000000000000E-01    0.258624296875000000000000000000000000000000E+05
    0.154470009729266166687011718750000000000000E-01    0.259044140625000000000000000000000000000000E+05
    0.157590489834547042846679687500000000000000E-01    0.259364765625000000000000000000000000000000E+05
    0.160774048417806625366210937500000000000000E-01    0.259583613281250000000000000000000000000000E+05
    0.164021886885166168212890625000000000000000E-01    0.259698105468750000000000000000000000000000E+05
    0.167335346341133117675781250000000000000000E-01    0.259705664062500000000000000000000000000000E+05
    0.170715730637311935424804687500000000000000E-01    0.259603808593750000000000000000000000000000E+05
    0.174164418131113052368164062500000000000000E-01    0.259390156250000000000000000000000000000000E+05
    0.177682787179946899414062500000000000000000E-01    0.259062500000000000000000000000000000000000E+05
    0.181272197514772415161132812500000000000000E-01    0.258618828125000000000000000000000000000000E+05
    0.184934139251708984375000000000000000000000E-01    0.258057265625000000000000000000000000000000E+05
    0.188670046627521514892578125000000000000000E-01    0.257376308593750000000000000000000000000000E+05
    0.192481447011232376098632812500000000000000E-01    0.256574667968750000000000000000000000000000E+05
    0.196369830518960952758789062500000000000000E-01    0.255651210937500000000000000000000000000000E+05
    0.200336743146181106567382812500000000000000E-01    0.254605097656250000000000000000000000000000E+05
    0.204383805394172668457031250000000000000000E-01    0.253435605468750000000000000000000000000000E+05
    0.208512637764215469360351562500000000000000E-01    0.252142246093750000000000000000000000000000E+05
    0.212724860757589340209960937500000000000000E-01    0.250724550781250000000000000000000000000000E+05
    0.217022281140089035034179687500000000000000E-01    0.249182031250000000000000000000000000000000E+05
    0.221406426280736923217773437500000000000000E-01    0.247514531250000000000000000000000000000000E+05
    0.225879121571779251098632812500000000000000E-01    0.245722089843750000000000000000000000000000E+05
    0.230442192405462265014648437500000000000000E-01    0.243805058593750000000000000000000000000000E+05
    0.235097426921129226684570312500000000000000E-01    0.241764082031250000000000000000000000000000E+05
    0.239846706390380859375000000000000000000000E-01    0.239601875000000000000000000000000000000000E+05
    0.244691912084817886352539062500000000000000E-01    0.237323613281250000000000000000000000000000E+05
    0.249635018408298492431640625000000000000000E-01    0.234934628906250000000000000000000000000000E+05
    0.254677981138229370117187500000000000000000E-01    0.232440351562500000000000000000000000000000E+05
    0.259822811931371688842773437500000000000000E-01    0.229846347656250000000000000000000000000000E+05
    0.265071578323841094970703125000000000000000E-01    0.227158125000000000000000000000000000000000E+05
    0.270426385104656219482421875000000000000000E-01    0.224379042968750000000000000000000000000000E+05
    0.275889337062835693359375000000000000000000E-01    0.221507363281250000000000000000000000000000E+05
    0.281462669372558593750000000000000000000000E-01    0.218541035156250000000000000000000000000000E+05
    0.287148579955101013183593750000000000000000E-01    0.215478457031250000000000000000000000000000E+05
    0.292949359863996505737304687500000000000000E-01    0.212318496093750000000000000000000000000000E+05
    0.298867337405681610107421875000000000000000E-01    0.209060488281250000000000000000000000000000E+05
    0.304904840886592864990234375000000000000000E-01    0.205709648437500000000000000000000000000000E+05
    0.311064328998327255249023437500000000000000E-01    0.202297421875000000000000000000000000000000E+05
    0.317348241806030273437500000000000000000000E-01    0.198861464843750000000000000000000000000000E+05
    0.323759093880653381347656250000000000000000E-01    0.195437128906250000000000000000000000000000E+05
    0.330299474298954010009765625000000000000000E-01    0.192057500000000000000000000000000000000000E+05
    0.336971953511238098144531250000000000000000E-01    0.188753417968750000000000000000000000000000E+05
    0.343779213726520538330078125000000000000000E-01    0.185550507812500000000000000000000000000000E+05
    0.350724011659622192382812500000000000000000E-01    0.182439687500000000000000000000000000000000E+05
    0.357809104025363922119140625000000000000000E-01    0.179392246093750000000000000000000000000000E+05
    0.365037508308887481689453125000000000000000E-01    0.176381035156250000000000000000000000000000E+05
    0.372411720454692840576171875000000000000000E-01    0.173380585937500000000000000000000000000000E+05
    0.379934944212436676025390625000000000000000E-01    0.170367265625000000000000000000000000000000E+05
    0.387610122561454772949218750000000000000000E-01    0.167319589843750000000000000000000000000000E+05
    0.395440347492694854736328125000000000000000E-01    0.164233671875000000000000000000000000000000E+05
    0.403428785502910614013671875000000000000000E-01    0.161124882812500000000000000000000000000000E+05
    0.411578565835952758789062500000000000000000E-01    0.158008720703125000000000000000000000000000E+05
    0.419893004000186920166015625000000000000000E-01    0.154899716796875000000000000000000000000000E+05
    0.428375415503978729248046875000000000000000E-01    0.151811396484375000000000000000000000000000E+05
    0.437029153108596801757812500000000000000000E-01    0.148756347656250000000000000000000000000000E+05
    0.445857718586921691894531250000000000000000E-01    0.145751953125000000000000000000000000000000E+05
    0.454864650964736938476562500000000000000000E-01    0.142827548828125000000000000000000000000000E+05
    0.464053489267826080322265625000000000000000E-01    0.140011953125000000000000000000000000000000E+05
    0.473427996039390563964843750000000000000000E-01    0.137331640625000000000000000000000000000000E+05
    0.482991859316825866699218750000000000000000E-01    0.134810986328125000000000000000000000000000E+05
    0.492748916149139404296875000000000000000000E-01    0.132472568359375000000000000000000000000000E+05
    0.502703115344047546386718750000000000000000E-01    0.130330234375000000000000000000000000000000E+05
    0.512858368456363677978515625000000000000000E-01    0.128361884765625000000000000000000000000000E+05
    0.523218810558319091796875000000000000000000E-01    0.126536318359375000000000000000000000000000E+05
    0.533788502216339111328125000000000000000000E-01    0.124824248046875000000000000000000000000000E+05
    0.544571764767169952392578125000000000000000E-01    0.123198066406250000000000000000000000000000E+05
    0.555572807788848876953125000000000000000000E-01    0.121631611328125000000000000000000000000000E+05
    0.566796138882637023925781250000000000000000E-01    0.120100390625000000000000000000000000000000E+05
    0.578246153891086578369140625000000000000000E-01    0.118585000000000000000000000000000000000000E+05
    0.589927472174167633056640625000000000000000E-01    0.117069365234375000000000000000000000000000E+05
    0.601844787597656250000000000000000000000000E-01    0.115538291015625000000000000000000000000000E+05
    0.614003166556358337402343750000000000000000E-01    0.113977382812500000000000000000000000000000E+05
    0.626406818628311157226562500000000000000000E-01    0.112373125000000000000000000000000000000000E+05
    0.639061108231544494628906250000000000000000E-01    0.110713085937500000000000000000000000000000E+05
    0.651970952749252319335937500000000000000000E-01    0.108991875000000000000000000000000000000000E+05
    0.665141642093658447265625000000000000000000E-01    0.107211914062500000000000000000000000000000E+05
    0.678578317165374755859375000000000000000000E-01    0.105376191406250000000000000000000000000000E+05
    0.692286565899848937988281250000000000000000E-01    0.103487822265625000000000000000000000000000E+05
    0.706271678209304809570312500000000000000000E-01    0.101550019531250000000000000000000000000000E+05
    0.720539242029190063476562500000000000000000E-01    0.995624804687500000000000000000000000000000E+04
    0.735095068812370300292968750000000000000000E-01    0.975056835937500000000000000000000000000000E+04
    0.749944970011711120605468750000000000000000E-01    0.953556542968750000000000000000000000000000E+04
    0.765094906091690063476562500000000000000000E-01    0.930912792968750000000000000000000000000000E+04
    0.780550837516784667968750000000000000000000E-01    0.906945800781250000000000000000000000000000E+04
    0.796318948268890380859375000000000000000000E-01    0.881570898437500000000000000000000000000000E+04
    0.812405645847320556640625000000000000000000E-01    0.855043554687500000000000000000000000000000E+04
    0.828817337751388549804687500000000000000000E-01    0.827707617187500000000000000000000000000000E+04
    0.845560505986213684082031250000000000000000E-01    0.799882568359375000000000000000000000000000E+04
    0.862641930580139160156250000000000000000000E-01    0.771861474609375000000000000000000000000000E+04
    0.880068466067314147949218750000000000000000E-01    0.743952392578125000000000000000000000000000E+04
    0.897847041487693786621093750000000000000000E-01    0.716484960937500000000000000000000000000000E+04
    0.915984734892845153808593750000000000000000E-01    0.689749267578125000000000000000000000000000E+04
    0.934488773345947265625000000000000000000000E-01    0.663993457031250000000000000000000000000000E+04
    0.953366756439208984375000000000000000000000E-01    0.639438085937500000000000000000000000000000E+04
    0.972625985741615295410156250000000000000000E-01    0.616289746093750000000000000000000000000000E+04
    0.992274358868598937988281250000000000000000E-01    0.594723046875000000000000000000000000000000E+04
    0.101232007145881652832031250000000000000000E+00    0.574881591796875000000000000000000000000000E+04
    0.103277020156383514404296875000000000000000E+00    0.556819677734375000000000000000000000000000E+04
    0.105363354086875915527343750000000000000000E+00    0.540496533203125000000000000000000000000000E+04
    0.107491828501224517822265625000000000000000E+00    0.525869628906250000000000000000000000000000E+04
    0.109663315117359161376953125000000000000000E+00    0.512881298828125000000000000000000000000000E+04
    0.111878655850887298583984375000000000000000E+00    0.501340771484375000000000000000000000000000E+04
    0.114138752222061157226562500000000000000000E+00    0.491019873046875000000000000000000000000000E+04
    0.116444505751132965087890625000000000000000E+00    0.481707568359375000000000000000000000000000E+04
    0.118796832859516143798828125000000000000000E+00    0.473111669921875000000000000000000000000000E+04
    0.121196687221527099609375000000000000000000E+00    0.464864208984375000000000000000000000000000E+04
    0.123645029962062835693359375000000000000000E+00    0.456618212890625000000000000000000000000000E+04
    0.126142814755439758300781250000000000000000E+00    0.448042138671875000000000000000000000000000E+04
    0.128691077232360839843750000000000000000000E+00    0.438818701171875000000000000000000000000000E+04
    0.131290808320045471191406250000000000000000E+00    0.428663574218750000000000000000000000000000E+04
    0.133943051099777221679687500000000000000000E+00    0.417416308593750000000000000000000000000000E+04
    0.136648878455162048339843750000000000000000E+00    0.405046923828125000000000000000000000000000E+04
    0.139409363269805908203125000000000000000000E+00    0.391567041015625000000000000000000000000000E+04
    0.142225623130798339843750000000000000000000E+00    0.377150195312500000000000000000000000000000E+04
    0.145098760724067687988281250000000000000000E+00    0.362054711914062500000000000000000000000000E+04
    0.148029953241348266601562500000000000000000E+00    0.346574658203125000000000000000000000000000E+04
    0.151020348072052001953125000000000000000000E+00    0.331146069335937500000000000000000000000000E+04
    0.154071167111396789550781250000000000000000E+00    0.316178906250000000000000000000000000000000E+04
    0.157183602452278137207031250000000000000000E+00    0.302062353515625000000000000000000000000000E+04
    0.160358920693397521972656250000000000000000E+00    0.289155346679687500000000000000000000000000E+04
    0.163598373532295227050781250000000000000000E+00    0.277684838867187500000000000000000000000000E+04
    0.166903272271156311035156250000000000000000E+00    0.267682031250000000000000000000000000000000E+04
    0.170275032520294189453125000000000000000000E+00    0.259118579101562500000000000000000000000000E+04
    0.173714801669120788574218750000000000000000E+00    0.251801928710937500000000000000000000000000E+04
    0.177224084734916687011718750000000000000000E+00    0.245499340820312500000000000000000000000000E+04
    0.180804237723350524902343750000000000000000E+00    0.239899584960937500000000000000000000000000E+04
    0.184456720948219299316406250000000000000000E+00    0.234660888671875000000000000000000000000000E+04
    0.188182994723320007324218750000000000000000E+00    0.229405786132812500000000000000000000000000E+04
    0.191984534263610839843750000000000000000000E+00    0.223755834960937500000000000000000000000000E+04
    0.195862874388694763183593750000000000000000E+00    0.217460180664062500000000000000000000000000E+04
    0.199819564819335937500000000000000000000000E+00    0.210379565429687500000000000000000000000000E+04
    0.203856185078620910644531250000000000000000E+00    0.202569165039062500000000000000000000000000E+04
    0.207974359393119812011718750000000000000000E+00    0.194199121093750000000000000000000000000000E+04
    0.212175697088241577148437500000000000000000E+00    0.185549389648437500000000000000000000000000E+04
    0.216461926698684692382812500000000000000000E+00    0.176955737304687500000000000000000000000000E+04
    0.220834761857986450195312500000000000000000E+00    0.168840612792968750000000000000000000000000E+04
    0.225295916199684143066406250000000000000000E+00    0.161481176757812500000000000000000000000000E+04
    0.229847192764282226562500000000000000000000E+00    0.154981530761718750000000000000000000000000E+04
    0.234490394592285156250000000000000000000000E+00    0.149413623046875000000000000000000000000000E+04
    0.239227414131164550781250000000000000000000E+00    0.144671411132812500000000000000000000000000E+04
    0.244060128927230834960937500000000000000000E+00    0.140474316406250000000000000000000000000000E+04
    0.248990446329116821289062500000000000000000E+00    0.136563903808593750000000000000000000000000E+04
    0.254020392894744873046875000000000000000000E+00    0.132687377929687500000000000000000000000000E+04
    0.259151935577392578125000000000000000000000E+00    0.128598168945312500000000000000000000000000E+04
    0.264387160539627075195312500000000000000000E+00    0.124092932128906250000000000000000000000000E+04
    0.269728124141693115234375000000000000000000E+00    0.119204858398437500000000000000000000000000E+04
    0.275177001953125000000000000000000000000000E+00    0.114137414550781250000000000000000000000000E+04
    0.280736058950424194335937500000000000000000E+00    0.109077246093750000000000000000000000000000E+04
    0.286407291889190673828125000000000000000000E+00    0.104225012207031250000000000000000000000000E+04
    0.292193114757537841796875000000000000000000E+00    0.997765075683593750000000000000000000000000E+03
    0.298095792531967163085937500000000000000000E+00    0.958764404296875000000000000000000000000000E+03
    0.304117560386657714843750000000000000000000E+00    0.924542358398437500000000000000000000000000E+03
    0.310261309146881103515625000000000000000000E+00    0.893329101562500000000000000000000000000000E+03
    0.316528826951980590820312500000000000000000E+00    0.863571166992187500000000000000000000000000E+03
    0.322923272848129272460937500000000000000000E+00    0.833952087402343750000000000000000000000000E+03
    0.329446613788604736328125000000000000000000E+00    0.803353027343750000000000000000000000000000E+03
    0.336102008819580078125000000000000000000000E+00    0.771062438964843750000000000000000000000000E+03
    0.342891573905944824218750000000000000000000E+00    0.738164916992187500000000000000000000000000E+03
    0.349818587303161621093750000000000000000000E+00    0.706316406250000000000000000000000000000000E+03
    0.356885224580764770507812500000000000000000E+00    0.676754699707031250000000000000000000000000E+03
    0.364094972610473632812500000000000000000000E+00    0.649584289550781250000000000000000000000000E+03
    0.371450334787368774414062500000000000000000E+00    0.624541259765625000000000000000000000000000E+03
    0.378953933715820312500000000000000000000000E+00    0.601283081054687500000000000000000000000000E+03
    0.386609494686126708984375000000000000000000E+00    0.578970397949218750000000000000000000000000E+03
    0.394419312477111816406250000000000000000000E+00    0.556711486816406250000000000000000000000000E+03
    0.402387291193008422851562500000000000000000E+00    0.533998352050781250000000000000000000000000E+03
    0.410515844821929931640625000000000000000000E+00    0.511453063964843750000000000000000000000000E+03
    0.418809026479721069335937500000000000000000E+00    0.489876800537109375000000000000000000000000E+03
    0.427269339561462402343750000000000000000000E+00    0.469757110595703125000000000000000000000000E+03
    0.435900926589965820312500000000000000000000E+00    0.450858215332031250000000000000000000000000E+03
    0.444706469774246215820312500000000000000000E+00    0.432834136962890625000000000000000000000000E+03
    0.453690379858016967773437500000000000000000E+00    0.415442657470703125000000000000000000000000E+03
    0.462855309247970581054687500000000000000000E+00    0.398639739990234375000000000000000000000000E+03
    0.472205787897109985351562500000000000000000E+00    0.382415740966796875000000000000000000000000E+03
    0.481744766235351562500000000000000000000000E+00    0.366760437011718750000000000000000000000000E+03
    0.491476893424987792968750000000000000000000E+00    0.351662933349609375000000000000000000000000E+03
    0.501405119895935058593750000000000000000000E+00    0.337111724853515625000000000000000000000000E+03
    0.511534392833709716796875000000000000000000E+00    0.323094940185546875000000000000000000000000E+03
    0.521867811679840087890625000000000000000000E+00    0.309600219726562500000000000000000000000000E+03
    0.532410502433776855468750000000000000000000E+00    0.296614959716796875000000000000000000000000E+03
    0.543165624141693115234375000000000000000000E+00    0.284126251220703125000000000000000000000000E+03
    0.554138541221618652343750000000000000000000E+00    0.272120941162109375000000000000000000000000E+03
    0.565332591533660888671875000000000000000000E+00    0.260585754394531250000000000000000000000000E+03
    0.576753377914428710937500000000000000000000E+00    0.249507385253906250000000000000000000000000E+03
    0.588404297828674316406250000000000000000000E+00    0.238872375488281250000000000000000000000000E+03
    0.600291073322296142578125000000000000000000E+00    0.228667312622070312500000000000000000000000E+03
    0.612418055534362792968750000000000000000000E+00    0.218878784179687500000000000000000000000000E+03
    0.624789416790008544921875000000000000000000E+00    0.209493453979492187500000000000000000000000E+03
    0.637411236763000488281250000000000000000000E+00    0.200496719360351562500000000000000000000000E+03
    0.650287508964538574218750000000000000000000E+00    0.191872772216796875000000000000000000000000E+03
    0.663424491882324218750000000000000000000000E+00    0.183606369018554687500000000000000000000000E+03
    0.676826238632202148437500000000000000000000E+00    0.175682907104492187500000000000000000000000E+03
    0.690499365329742431640625000000000000000000E+00    0.168088363647460937500000000000000000000000E+03
    0.704448044300079345703125000000000000000000E+00    0.160809326171875000000000000000000000000000E+03
    0.718679130077362060546875000000000000000000E+00    0.153832931518554687500000000000000000000000E+03
    0.733197033405303955078125000000000000000000E+00    0.147146820068359375000000000000000000000000E+03
    0.748008966445922851562500000000000000000000E+00    0.140739181518554687500000000000000000000000E+03
    0.763119339942932128906250000000000000000000E+00    0.134598678588867187500000000000000000000000E+03
    0.778535783290863037109375000000000000000000E+00    0.128714416503906250000000000000000000000000E+03
    0.794262826442718505859375000000000000000000E+00    0.123075981140136718750000000000000000000000E+03
    0.810308396816253662109375000000000000000000E+00    0.117673355102539062500000000000000000000000E+03
    0.826677322387695312500000000000000000000000E+00    0.112496948242187500000000000000000000000000E+03
    0.843377590179443359375000000000000000000000E+00    0.107537551879882812500000000000000000000000E+03
    0.860414624214172363281250000000000000000000E+00    0.102786338806152343750000000000000000000000E+03
    0.877796530723571777343750000000000000000000E+00    0.982348785400390625000000000000000000000000E+02
    0.895528674125671386718750000000000000000000E+00    0.938752746582031250000000000000000000000000E+02
    0.913619995117187500000000000000000000000000E+00    0.897000503540039062500000000000000000000000E+02
    0.932075977325439453125000000000000000000000E+00    0.857019805908203125000000000000000000000000E+02
    0.950905561447143554687500000000000000000000E+00    0.818740768432617187500000000000000000000000E+02
    0.970114648342132568359375000000000000000000E+00    0.782096252441406250000000000000000000000000E+02
    0.989712655544281005859375000000000000000000E+00    0.747021026611328125000000000000000000000000E+02
    0.100970673561096191406250000000000000000000E+01    0.713452606201171875000000000000000000000000E+02
    0.103010356426239013671875000000000000000000E+01    0.681330413818359375000000000000000000000000E+02
    0.105091357231140136718750000000000000000000E+01    0.650596160888671875000000000000000000000000E+02
    0.107214283943176269531250000000000000000000E+01    0.621193771362304687500000000000000000000000E+02
    0.109380209445953369140625000000000000000000E+01    0.593069038391113281250000000000000000000000E+02
    0.111589777469635009765625000000000000000000E+01    0.566169853210449218750000000000000000000000E+02
    0.113844096660614013671875000000000000000000E+01    0.540445938110351562500000000000000000000000E+02
    0.116143846511840820312500000000000000000000E+01    0.515848922729492187500000000000000000000000E+02
    0.118490159511566162109375000000000000000000E+01    0.492332344055175781250000000000000000000000E+02
    0.120883750915527343750000000000000000000000E+01    0.469851264953613281250000000000000000000000E+02
    0.123325824737548828125000000000000000000000E+01    0.448362541198730468750000000000000000000000E+02
    0.125817120075225830078125000000000000000000E+01    0.427824249267578125000000000000000000000000E+02
    0.128358840942382812500000000000000000000000E+01    0.408195991516113281250000000000000000000000E+02
    0.130951797962188720703125000000000000000000E+01    0.389439086914062500000000000000000000000000E+02
    0.133597266674041748046875000000000000000000E+01    0.371516456604003906250000000000000000000000E+02
    0.136296045780181884765625000000000000000000E+01    0.354392395019531250000000000000000000000000E+02
    0.139049470424652099609375000000000000000000E+01    0.338032760620117187500000000000000000000000E+02
    0.141858386993408203125000000000000000000000E+01    0.322404747009277343750000000000000000000000E+02
    0.144724178314208984375000000000000000000000E+01    0.307476863861083984375000000000000000000000E+02
    0.147647726535797119140625000000000000000000E+01    0.293218955993652343750000000000000000000000E+02
    0.150630474090576171875000000000000000000000E+01    0.279602088928222656250000000000000000000000E+02
    0.153673338890075683593750000000000000000000E+01    0.266598529815673828125000000000000000000000E+02
    0.156777822971343994140625000000000000000000E+01    0.254181671142578125000000000000000000000000E+02
    0.159944856166839599609375000000000000000000E+01    0.242325992584228515625000000000000000000000E+02
    0.163176035881042480468750000000000000000000E+01    0.231007099151611328125000000000000000000000E+02
    0.166472315788269042968750000000000000000000E+01    0.220201511383056640625000000000000000000000E+02
    0.169835364818572998046875000000000000000000E+01    0.209886817932128906250000000000000000000000E+02
    0.173266339302062988281250000000000000000000E+01    0.200041503906250000000000000000000000000000E+02
    0.176766479015350341796875000000000000000000E+01    0.190645008087158203125000000000000000000000E+02
    0.180337476730346679687500000000000000000000E+01    0.181677608489990234375000000000000000000000E+02
    0.183980441093444824218750000000000000000000E+01    0.173120403289794921875000000000000000000000E+02
    0.187697184085845947265625000000000000000000E+01    0.164955291748046875000000000000000000000000E+02
    0.191488826274871826171875000000000000000000E+01    0.157164964675903320312500000000000000000000E+02
    0.195357239246368408203125000000000000000000E+01    0.149732789993286132812500000000000000000000E+02
    0.199303627014160156250000000000000000000000E+01    0.142642869949340820312500000000000000000000E+02
    0.203329920768737792968750000000000000000000E+01    0.135879983901977539062500000000000000000000E+02
    0.207437348365783691406250000000000000000000E+01    0.129429540634155273437500000000000000000000E+02
    0.211627960205078125000000000000000000000000E+01    0.123277587890625000000000000000000000000000E+02
    0.215903019905090332031250000000000000000000E+01    0.117410764694213867187500000000000000000000E+02
    0.220264649391174316406250000000000000000000E+01    0.111816272735595703125000000000000000000000E+02
    0.224714183807373046875000000000000000000000E+01    0.106481885910034179687500000000000000000000E+02
    0.229253816604614257812500000000000000000000E+01    0.101395883560180664062500000000000000000000E+02
    0.233884930610656738281250000000000000000000E+01    0.965470504760742187500000000000000000000000E+01
    0.238609838485717773437500000000000000000000E+01    0.919246864318847656250000000000000000000000E+01
    0.243429946899414062500000000000000000000000E+01    0.875185012817382812500000000000000000000000E+01
    0.248347663879394531250000000000000000000000E+01    0.833186912536621093750000000000000000000000E+01
    0.253364515304565429687500000000000000000000E+01    0.793158578872680664062500000000000000000000E+01
    0.258482933044433593750000000000000000000000E+01    0.755010128021240234375000000000000000000000E+01
    0.263704490661621093750000000000000000000000E+01    0.718655824661254882812500000000000000000000E+01
    0.269031810760498046875000000000000000000000E+01    0.684013557434082031250000000000000000000000E+01
    0.274466466903686523437500000000000000000000E+01    0.651004934310913085937500000000000000000000E+01
    0.280011177062988281250000000000000000000000E+01    0.619554901123046875000000000000000000000000E+01
    0.285667920112609863281250000000000000000000E+01    0.589591884613037109375000000000000000000000E+01
    0.291438651084899902343750000000000000000000E+01    0.561047410964965820312500000000000000000000E+01
    0.297326231002807617187500000000000000000000E+01    0.533856105804443359375000000000000000000000E+01
    0.303332471847534179687500000000000000000000E+01    0.507955455780029296875000000000000000000000E+01
    0.309460353851318359375000000000000000000000E+01    0.483285713195800781250000000000000000000000E+01
    0.315711688995361328125000000000000000000000E+01    0.459789943695068359375000000000000000000000E+01
    0.322089648246765136718750000000000000000000E+01    0.437413644790649414062500000000000000000000E+01
    0.328596115112304687500000000000000000000000E+01    0.416104745864868164062500000000000000000000E+01
    0.335234355926513671875000000000000000000000E+01    0.395813655853271484375000000000000000000000E+01
    0.342006349563598632812500000000000000000000E+01    0.376492881774902343750000000000000000000000E+01
    0.348915529251098632812500000000000000000000E+01    0.358097124099731445312500000000000000000000E+01
    0.355963897705078125000000000000000000000000E+01    0.340583133697509765625000000000000000000000E+01
    0.363155031204223632812500000000000000000000E+01    0.323909640312194824218750000000000000000000E+01
    0.370491051673889160156250000000000000000000E+01    0.308037209510803222656250000000000000000000E+01
    0.377975654602050781250000000000000000000000E+01    0.292928242683410644531250000000000000000000E+01
    0.385611033439636230468750000000000000000000E+01    0.278546833992004394531250000000000000000000E+01
    0.393401122093200683593750000000000000000000E+01    0.264858746528625488281250000000000000000000E+01
    0.401348161697387695312500000000000000000000E+01    0.251831293106079101562500000000000000000000E+01
    0.409456062316894531250000000000000000000000E+01    0.239433264732360839843750000000000000000000E+01
    0.417727470397949218750000000000000000000000E+01    0.227634930610656738281250000000000000000000E+01
    0.426166296005249023437500000000000000000000E+01    0.216407895088195800781250000000000000000000E+01
    0.434775209426879882812500000000000000000000E+01    0.205725073814392089843750000000000000000000E+01
    0.443558454513549804687500000000000000000000E+01    0.195560669898986816406250000000000000000000E+01
    0.452518701553344726562500000000000000000000E+01    0.185890030860900878906250000000000000000000E+01
    0.461660432815551757812500000000000000000000E+01    0.176689660549163818359375000000000000000000E+01
    0.470986795425415039062500000000000000000000E+01    0.167937159538269042968750000000000000000000E+01
    0.480501127243041992187500000000000000000000E+01    0.159611153602600097656250000000000000000000E+01
    0.490208053588867187500000000000000000000000E+01    0.151691269874572753906250000000000000000000E+01
    0.500110673904418945312500000000000000000000E+01    0.144158077239990234375000000000000000000000E+01
    0.510213851928710937500000000000000000000000E+01    0.136993050575256347656250000000000000000000E+01
    0.520520591735839843750000000000000000000000E+01    0.130178546905517578125000000000000000000000E+01
    0.531036043167114257812500000000000000000000E+01    0.123697733879089355468750000000000000000000E+01
    0.541763401031494140625000000000000000000000E+01    0.117534589767456054687500000000000000000000E+01
    0.552708053588867187500000000000000000000000E+01    0.111673820018768310546875000000000000000000E+01
    0.563873195648193359375000000000000000000000E+01    0.106100857257843017578125000000000000000000E+01
    0.575264453887939453125000000000000000000000E+01    0.100801837444305419921875000000000000000000E+01
    0.586885261535644531250000000000000000000000E+01    0.957635283470153808593750000000000000000000E+00
    0.598741388320922851562500000000000000000000E+01    0.909733355045318603515625000000000000000000E+00
    0.610836458206176757812500000000000000000000E+01    0.864192605018615722656250000000000000000000E+00
    0.623176479339599609375000000000000000000000E+01    0.820898592472076416015625000000000000000000E+00
    0.635765171051025390625000000000000000000000E+01    0.779742479324340820312500000000000000000000E+00
    0.648608779907226562500000000000000000000000E+01    0.740620493888854980468750000000000000000000E+00
    0.661711215972900390625000000000000000000000E+01    0.703433752059936523437500000000000000000000E+00
    0.675078964233398437500000000000000000000000E+01    0.668088138103485107421875000000000000000000E+00
    0.688716173171997070312500000000000000000000E+01    0.634494006633758544921875000000000000000000E+00
    0.702629423141479492187500000000000000000000E+01    0.602566003799438476562500000000000000000000E+00
    0.716823101043701171875000000000000000000000E+01    0.572222828865051269531250000000000000000000E+00
    0.731304264068603515625000000000000000000000E+01    0.543387055397033691406250000000000000000000E+00
    0.746077251434326171875000000000000000000000E+01    0.515984952449798583984375000000000000000000E+00
    0.761149358749389648437500000000000000000000E+01    0.489946484565734863281250000000000000000000E+00
    0.776525211334228515625000000000000000000000E+01    0.465204745531082153320312500000000000000000E+00
    0.792212390899658203125000000000000000000000E+01    0.441696226596832275390625000000000000000000E+00
    0.808216571807861328125000000000000000000000E+01    0.419360369443893432617187500000000000000000E+00
    0.824543190002441406250000000000000000000000E+01    0.398139625787734985351562500000000000000000E+00
    0.841200447082519531250000000000000000000000E+01    0.377979099750518798828125000000000000000000E+00
    0.858193302154541015625000000000000000000000E+01    0.358826637268066406250000000000000000000000E+00
    0.875530433654785156250000000000000000000000E+01    0.340632617473602294921875000000000000000000E+00
    0.893216896057128906250000000000000000000000E+01    0.323349773883819580078125000000000000000000E+00
    0.911261463165283203125000000000000000000000E+01    0.306933104991912841796875000000000000000000E+00
    0.929669761657714843750000000000000000000000E+01    0.291339844465255737304687500000000000000000E+00
    0.948450660705566406250000000000000000000000E+01    0.276529252529144287109375000000000000000000E+00
    0.967610168457031250000000000000000000000000E+01    0.262462615966796875000000000000000000000000E+00
    0.987157726287841796875000000000000000000000E+01    0.249103069305419921875000000000000000000000E+00
    0.100709915161132812500000000000000000000000E+02    0.236415550112724304199218750000000000000000E+00
    0.102744436264038085937500000000000000000000E+02    0.224366709589958190917968750000000000000000E+00
    0.104819955825805664062500000000000000000000E+02    0.212924852967262268066406250000000000000000E+00
    0.106937503814697265625000000000000000000000E+02    0.202059790492057800292968750000000000000000E+00
    0.109097728729248046875000000000000000000000E+02    0.191742837429046630859375000000000000000000E+00
    0.111301708221435546875000000000000000000000E+02    0.181946724653244018554687500000000000000000E+00
    0.113550090789794921875000000000000000000000E+02    0.172645479440689086914062500000000000000000E+00
    0.115844011306762695312500000000000000000000E+02    0.163814440369606018066406250000000000000000E+00
    0.118184156417846679687500000000000000000000E+02    0.155430138111114501953125000000000000000000E+00
    0.120571689605712890625000000000000000000000E+02    0.147470280528068542480468750000000000000000E+00
    0.123007345199584960937500000000000000000000E+02    0.139913618564605712890625000000000000000000E+00
    0.125492305755615234375000000000000000000000E+02    0.132740020751953125000000000000000000000000E+00
    0.128027353286743164062500000000000000000000E+02    0.125930309295654296875000000000000000000000E+00
    0.130613737106323242187500000000000000000000E+02    0.119466222822666168212890625000000000000000E+00
    0.133252372741699218750000000000000000000000E+02    0.113330461084842681884765625000000000000000E+00
    0.135944185256958007812500000000000000000000E+02    0.107506543397903442382812500000000000000000E+00
    0.138690500259399414062500000000000000000000E+02    0.101978801190853118896484375000000000000000E+00
    0.141492166519165039062500000000000000000000E+02    0.967323631048202514648437500000000000000000E-01
    0.144350557327270507812500000000000000000000E+02    0.917530804872512817382812500000000000000000E-01
    0.147266559600830078125000000000000000000000E+02    0.870275124907493591308593750000000000000000E-01
    0.150241622924804687500000000000000000000000E+02    0.825428739190101623535156250000000000000000E-01
    0.153276624679565429687500000000000000000000E+02    0.782870352268218994140625000000000000000000E-01
    0.156373090744018554687500000000000000000000E+02    0.742484480142593383789062500000000000000000E-01
    0.159531946182250976562500000000000000000000E+02    0.704161524772644042968750000000000000000000E-01
    0.162754783630371093750000000000000000000000E+02    0.667797327041625976562500000000000000000000E-01
    0.166042575836181640625000000000000000000000E+02    0.633292868733406066894531250000000000000000E-01
    0.169396934509277343750000000000000000000000E+02    0.600554160773754119873046875000000000000000E-01
    0.172818889617919921875000000000000000000000E+02    0.569491758942604064941406250000000000000000E-01
    0.176310138702392578125000000000000000000000E+02    0.540020838379859924316406250000000000000000E-01
    0.179871768951416015625000000000000000000000E+02    0.512060709297657012939453125000000000000000E-01
    0.183505496978759765625000000000000000000000E+02    0.485534705221652984619140625000000000000000E-01
    0.187212448120117187500000000000000000000000E+02    0.460370071232318878173828125000000000000000E-01
    0.190994472503662109375000000000000000000000E+02    0.436497628688812255859375000000000000000000E-01
    0.194852733612060546875000000000000000000000E+02    0.413851700723171234130859375000000000000000E-01
    0.198789100646972656250000000000000000000000E+02    0.392369963228702545166015625000000000000000E-01
    0.202804813385009765625000000000000000000000E+02    0.371993109583854675292968750000000000000000E-01
    0.206901836395263671875000000000000000000000E+02    0.352664962410926818847656250000000000000000E-01
    0.211081428527832031250000000000000000000000E+02    0.334332026541233062744140625000000000000000E-01
    0.215345649719238281250000000000000000000000E+02    0.316943563520908355712890625000000000000000E-01
    0.219696025848388671875000000000000000000000E+02    0.300451461225748062133789062500000000000000E-01
    0.224134063720703125000000000000000000000000E+02    0.284809935837984085083007812500000000000000E-01
    0.228661975860595703125000000000000000000000E+02    0.269975531846284866333007812500000000000000E-01
    0.233281154632568359375000000000000000000000E+02    0.255907047539949417114257812500000000000000E-01
    0.237993831634521484375000000000000000000000E+02    0.242565274238586425781250000000000000000000E-01
    0.242801532745361328125000000000000000000000E+02    0.229913089424371719360351562500000000000000E-01
    0.247706546783447265625000000000000000000000E+02    0.217915158718824386596679687500000000000000E-01
    0.252710437774658203125000000000000000000000E+02    0.206537973135709762573242187500000000000000E-01
    0.257815628051757812500000000000000000000000E+02    0.195749718695878982543945312500000000000000E-01
    0.263023719787597656250000000000000000000000E+02    0.185520183295011520385742187500000000000000E-01
    0.268337268829345703125000000000000000000000E+02    0.175820719450712203979492187500000000000000E-01
    0.273757934570312500000000000000000000000000E+02    0.166624076664447784423828125000000000000000E-01
    0.279288311004638671875000000000000000000000E+02    0.157904475927352905273437500000000000000000E-01
    0.284930171966552734375000000000000000000000E+02    0.149637358263134956359863281250000000000000E-01
    0.290686283111572265625000000000000000000000E+02    0.141799468547105789184570312500000000000000E-01
    0.296558399200439453125000000000000000000000E+02    0.134368734434247016906738281250000000000000E-01
    0.302549400329589843750000000000000000000000E+02    0.127324173226952552795410156250000000000000E-01
    0.308661155700683593750000000000000000000000E+02    0.120645910501480102539062500000000000000000E-01
    0.314896678924560546875000000000000000000000E+02    0.114315077662467956542968750000000000000000E-01
    0.321257820129394531250000000000000000000000E+02    0.108313737437129020690917968750000000000000E-01
    0.327747840881347656250000000000000000000000E+02    0.102624911814928054809570312500000000000000E-01
    0.334368629455566406250000000000000000000000E+02    0.972324609756469726562500000000000000000000E-02
    0.341123466491699218750000000000000000000000E+02    0.921210832893848419189453125000000000000000E-02
    0.348014411926269531250000000000000000000000E+02    0.872762501239776611328125000000000000000000E-02
    0.355044975280761718750000000000000000000000E+02    0.826841779053211212158203125000000000000000E-02
    0.362217178344726562500000000000000000000000E+02    0.783317815512418746948242187500000000000000E-02
    0.369534606933593750000000000000000000000000E+02    0.742066605016589164733886718750000000000000E-02
    0.376999855041503906250000000000000000000000E+02    0.702970335260033607482910156250000000000000E-02
    0.384615592956542968750000000000000000000000E+02    0.665917387232184410095214843750000000000000E-02
    0.392385520935058593750000000000000000000000E+02    0.630801822990179061889648437500000000000000E-02
    0.400312004089355468750000000000000000000000E+02    0.597523199394345283508300781250000000000000E-02
    0.408399047851562500000000000000000000000000E+02    0.565986149013042449951171875000000000000000E-02
    0.416649055480957031250000000000000000000000E+02    0.536100286990404129028320312500000000000000E-02
    0.425066108703613281250000000000000000000000E+02    0.507779838517308235168457031250000000000000E-02
    0.433652801513671875000000000000000000000000E+02    0.480943499132990837097167968750000000000000E-02
    0.442413406372070312500000000000000000000000E+02    0.455514155328273773193359375000000000000000E-02
    0.451350479125976562500000000000000000000000E+02    0.431418558582663536071777343750000000000000E-02
    0.460468597412109375000000000000000000000000E+02    0.408587371930480003356933593750000000000000E-02
    0.469770469665527343750000000000000000000000E+02    0.386954750865697860717773437500000000000000E-02
    0.479260635375976562500000000000000000000000E+02    0.366458296775817871093750000000000000000000E-02
    0.488942108154296875000000000000000000000000E+02    0.347038800828158855438232421875000000000000E-02
    0.498819656372070312500000000000000000000000E+02    0.328640080988407135009765625000000000000000E-02
    0.508896217346191406250000000000000000000000E+02    0.311208865605294704437255859375000000000000E-02
    0.519176826477050781250000000000000000000000E+02    0.294694653712213039398193359375000000000000E-02
    0.529664611816406250000000000000000000000000E+02    0.279049575328826904296875000000000000000000E-02
    0.540364799499511718750000000000000000000000E+02    0.264228228479623794555664062500000000000000E-02
    0.551280593872070312500000000000000000000000E+02    0.250187586061656475067138671875000000000000E-02
    0.562417488098144531250000000000000000000000E+02    0.236886809580028057098388671875000000000000E-02
    0.573778800964355468750000000000000000000000E+02    0.224287225864827632904052734375000000000000E-02
    0.585370178222656250000000000000000000000000E+02    0.212352164089679718017578125000000000000000E-02
    0.597195167541503906250000000000000000000000E+02    0.201046816073358058929443359375000000000000E-02
    0.609259529113769531250000000000000000000000E+02    0.190338247921317815780639648437500000000000E-02
    0.621567726135253906250000000000000000000000E+02    0.180195190478116273880004882812500000000000E-02
    0.634123916625976562500000000000000000000000E+02    0.170588016044348478317260742187500000000000E-02
    0.646934356689453125000000000000000000000000E+02    0.161488633602857589721679687500000000000000E-02
    0.660002975463867187500000000000000000000000E+02    0.152870418969541788101196289062500000000000E-02
    0.673336257934570312500000000000000000000000E+02    0.144708133302628993988037109375000000000000E-02
    0.686938171386718750000000000000000000000000E+02    0.136977795045822858810424804687500000000000E-02
    0.700815582275390625000000000000000000000000E+02    0.129656726494431495666503906250000000000000E-02
    0.714972610473632812500000000000000000000000E+02    0.122723379172384738922119140625000000000000E-02
    0.729416351318359375000000000000000000000000E+02    0.116157380398362874984741210937500000000000E-02
    0.744151153564453125000000000000000000000000E+02    0.109939405228942632675170898437500000000000E-02
    0.759184341430664062500000000000000000000000E+02    0.104051118250936269760131835937500000000000E-02
    0.774520568847656250000000000000000000000000E+02    0.984751852229237556457519531250000000000000E-03
    0.790167236328125000000000000000000000000000E+02    0.931951624806970357894897460937500000000000E-03
    0.806129302978515625000000000000000000000000E+02    0.881954561918973922729492187500000000000000E-03
    0.822414550781250000000000000000000000000000E+02    0.834612990729510784149169921875000000000000E-03
    0.839028015136718750000000000000000000000000E+02    0.789787038229405879974365234375000000000000E-03
    0.855977935791015625000000000000000000000000E+02    0.747344049159437417984008789062500000000000E-03
    0.873269348144531250000000000000000000000000E+02    0.707158411387354135513305664062500000000000E-03
    0.890910949707031250000000000000000000000000E+02    0.669111032038927078247070312500000000000000E-03
    0.908908081054687500000000000000000000000000E+02    0.633089104667305946350097656250000000000000E-03
    0.927269744873046875000000000000000000000000E+02    0.598985701799392700195312500000000000000000E-03
    0.946001358032226562500000000000000000000000E+02    0.566699425689876079559326171875000000000000E-03
    0.965112304687500000000000000000000000000000E+02    0.536134117282927036285400390625000000000000E-03
    0.984608383178710937500000000000000000000000E+02    0.507198623381555080413818359375000000000000E-03
    0.100449920654296875000000000000000000000000E+03    0.479806651128455996513366699218750000000000E-03
    0.102479194641113281250000000000000000000000E+03    0.453876476967707276344299316406250000000000E-03
    0.104549354553222656250000000000000000000000E+03    0.429330684710294008255004882812500000000000E-03
    0.106661445617675781250000000000000000000000E+03    0.406095903599634766578674316406250000000000E-03
    0.108816093444824218750000000000000000000000E+03    0.384102721000090241432189941406250000000000E-03
    0.111014373779296875000000000000000000000000E+03    0.363285333150997757911682128906250000000000E-03
    0.113256958007812500000000000000000000000000E+03    0.343581399647518992424011230468750000000000E-03
    0.115544944763183593750000000000000000000000E+03    0.324931927025318145751953125000000000000000E-03
    0.117879058837890625000000000000000000000000E+03    0.307281006826087832450866699218750000000000E-03
    0.120260421752929687500000000000000000000000E+03    0.290575640974566340446472167968750000000000E-03
    0.122689781188964843750000000000000000000000E+03    0.274765712674707174301147460937500000000000E-03
    0.125168350219726562500000000000000000000000E+03    0.259803695371374487876892089843750000000000E-03
    0.127696846008300781250000000000000000000000E+03    0.245644565438851714134216308593750000000000E-03
    0.130276565551757812500000000000000000000000E+03    0.232245685765519738197326660156250000000000E-03
    0.132908248901367187500000000000000000000000E+03    0.219566572923213243484497070312500000000000E-03
    0.135593231201171875000000000000000000000000E+03    0.207568868063390254974365234375000000000000E-03
    0.138332336425781250000000000000000000000000E+03    0.196216205949895083904266357421875000000000E-03
    0.141126892089843750000000000000000000000000E+03    0.185474229510873556137084960937500000000000E-03
    0.143977767944335937500000000000000000000000E+03    0.175310371560044586658477783203125000000000E-03
    0.146886383056640625000000000000000000000000E+03    0.165693796589039266109466552734375000000000E-03
    0.149853607177734375000000000000000000000000E+03    0.156595357111655175685882568359375000000000E-03
    0.152880935668945312500000000000000000000000E+03    0.147987404488958418369293212890625000000000E-03
    0.155969253540039062500000000000000000000000E+03    0.139843788929283618927001953125000000000000E-03
    0.159120101928710937500000000000000000000000E+03    0.132139772176742553710937500000000000000000E-03
    0.162334472656250000000000000000000000000000E+03    0.124851881992071866989135742187500000000000E-03
    0.165613922119140625000000000000000000000000E+03    0.117957933980505913496017456054687500000000E-03
    0.168959625244140625000000000000000000000000E+03    0.111436907900497317314147949218750000000000E-03
    0.172372741699218750000000000000000000000000E+03    0.105268896732013672590255737304687500000000E-03
    0.175854980468750000000000000000000000000000E+03    0.994350630207918584346771240234375000000000E-04
    0.179407409667968750000000000000000000000000E+03    0.939175588428042829036712646484375000000000E-04
    0.183031753540039062500000000000000000000000E+03    0.886994748725555837154388427734375000000000E-04
    0.186729156494140625000000000000000000000000E+03    0.837647457956336438655853271484375000000000E-04
    0.190501419067382812500000000000000000000000E+03    0.790981721365824341773986816406250000000000E-04
    0.194349700927734375000000000000000000000000E+03    0.746853547752834856510162353515625000000000E-04
    0.198275924682617187500000000000000000000000E+03    0.705126949469558894634246826171875000000000E-04
    0.202281250000000000000000000000000000000000E+03    0.665672923787496984004974365234375000000000E-04
    0.206367706298828125000000000000000000000000E+03    0.628369671176187694072723388671875000000000E-04
    0.210536499023437500000000000000000000000000E+03    0.593101649428717792034149169921875000000000E-04
    0.214789718627929687500000000000000000000000E+03    0.559759719180874526500701904296875000000000E-04
    0.219128646850585937500000000000000000000000E+03    0.528240489074960350990295410156250000000000E-04
    0.223555450439453125000000000000000000000000E+03    0.498446097481064498424530029296875000000000E-04
    0.228071472167968750000000000000000000000000E+03    0.470283921458758413791656494140625000000000E-04
    0.232678924560546875000000000000000000000000E+03    0.443666249339003115892410278320312500000000E-04
    0.237379211425781250000000000000000000000000E+03    0.418510135204996913671493530273437500000000E-04
    0.242174713134765625000000000000000000000000E+03    0.394736962334718555212020874023437500000000E-04
    0.247066848754882812500000000000000000000000E+03    0.372272334061563014984130859375000000000000E-04
    0.252058044433593750000000000000000000000000E+03    0.351045891875401139259338378906250000000000E-04
    0.257149810791015625000000000000000000000000E+03    0.330990878865122795104980468750000000000000E-04
    0.262344726562500000000000000000000000000000E+03    0.312044212478213012218475341796875000000000E-04
    0.267644287109375000000000000000000000000000E+03    0.294146102532977238297462463378906250000000E-04
    0.273051177978515625000000000000000000000000E+03    0.277239960269071161746978759765625000000000E-04
    0.278567047119140625000000000000000000000000E+03    0.261272216448560357093811035156250000000000E-04
    0.284194610595703125000000000000000000000000E+03    0.246192157646873965859413146972656250000000E-04
    0.289935882568359375000000000000000000000000E+03    0.231951744353864341974258422851562500000000E-04
    0.295792785644531250000000000000000000000000E+03    0.218505538214230909943580627441406250000000E-04
    0.301768341064453125000000000000000000000000E+03    0.205810520128579810261726379394531250000000E-04
    0.307864318847656250000000000000000000000000E+03    0.193825926544377580285072326660156250000000E-04
    0.314083740234375000000000000000000000000000E+03    0.182513194886269047856330871582031250000000E-04
    0.320428497314453125000000000000000000000000E+03    0.171835799847031012177467346191406250000000E-04
    0.326901702880859375000000000000000000000000E+03    0.161759180627996101975440979003906250000000E-04
    0.333505401611328125000000000000000000000000E+03    0.152250604514847509562969207763671875000000E-04
    0.340242828369140625000000000000000000000000E+03    0.143279094118042849004268646240234375000000E-04
    0.347116027832031250000000000000000000000000E+03    0.134815327328396961092948913574218750000000E-04
    0.354128387451171875000000000000000000000000E+03    0.126831555462558753788471221923828125000000E-04
    0.361282073974609375000000000000000000000000E+03    0.119301776067004539072513580322265625000000E-04
    0.368580627441406250000000000000000000000000E+03    0.112201450974680483341217041015625000000000E-04
    0.376026275634765625000000000000000000000000E+03    0.105507269836380146443843841552734375000000E-04
    0.383622650146484375000000000000000000000000E+03    0.991971046460093930363655090332031250000000E-05
    0.391372161865234375000000000000000000000000E+03    0.932499915506923571228981018066406250000000E-05
    0.399278594970703125000000000000000000000000E+03    0.876459944265661761164665222167968750000000E-05
    0.407344360351562500000000000000000000000000E+03    0.823662503535160794854164123535156250000000E-05
    0.415573425292968750000000000000000000000000E+03    0.773928513808641582727432250976562500000000E-05
    0.423968383789062500000000000000000000000000E+03    0.727088263374753296375274658203125000000000E-05
    0.432533294677734375000000000000000000000000E+03    0.682980817146017216145992279052734375000000E-05
    0.441270843505859375000000000000000000000000E+03    0.641453834759886376559734344482421875000000E-05
    0.450185302734375000000000000000000000000000E+03    0.602362842982984147965908050537109375000000E-05
    0.459279449462890625000000000000000000000000E+03    0.565571190236369147896766662597656250000000E-05
    0.468557678222656250000000000000000000000000E+03    0.530949273525038734078407287597656250000000E-05
    0.478023437500000000000000000000000000000000E+03    0.498374629387399181723594665527343750000000E-05
    0.487679901123046875000000000000000000000000E+03    0.467731115350034087896347045898437500000000E-05
    0.497531890869140625000000000000000000000000E+03    0.438909637523465789854526519775390625000000E-05
    0.507582427978515625000000000000000000000000E+03    0.411808650824241340160369873046875000000000E-05
    0.517836547851562500000000000000000000000000E+03    0.386331976187648251652717590332031250000000E-05
    0.528297302246093750000000000000000000000000E+03    0.362388141184055712074041366577148437500000E-05
    0.538969848632812500000000000000000000000000E+03    0.339890334544179495424032211303710937500000E-05
    0.549857482910156250000000000000000000000000E+03    0.318756087835936341434717178344726562500000E-05
    0.560965576171875000000000000000000000000000E+03    0.298907184514973778277635574340820312500000E-05
    0.572297607421875000000000000000000000000000E+03    0.280269432550994679331779479980468750000000E-05
    0.583859008789062500000000000000000000000000E+03    0.262772528003551997244358062744140625000000E-05
    0.595653442382812500000000000000000000000000E+03    0.246349918597843497991561889648437500000000E-05
    0.607686706542968750000000000000000000000000E+03    0.230938508138933684676885604858398437500000E-05
    0.619962463378906250000000000000000000000000E+03    0.216478724723856430500745773315429687500000E-05
    0.632486877441406250000000000000000000000000E+03    0.202914134206366725265979766845703125000000E-05
    0.645263610839843750000000000000000000000000E+03    0.190191406090889358893036842346191406250000E-05
    0.658299133300781250000000000000000000000000E+03    0.178260211214364971965551376342773437500000E-05
    0.671597290039062500000000000000000000000000E+03    0.167072960266523296013474464416503906250000E-05
    0.685164794921875000000000000000000000000000E+03    0.156584746946464292705059051513671875000000E-05
    0.699005676269531250000000000000000000000000E+03    0.146752893215307267382740974426269531250000E-05
    0.713126892089843750000000000000000000000000E+03    0.137536858346720691770315170288085937500000E-05
    0.727532653808593750000000000000000000000000E+03    0.128898511775332735851407051086425781250000E-05
    0.742230102539062500000000000000000000000000E+03    0.120802042147261090576648712158203125000000E-05
    0.757223754882812500000000000000000000000000E+03    0.113213820895907701924443244934082031250000E-05
    0.772521057128906250000000000000000000000000E+03    0.106102243080385960638523101806640625000000E-05
    0.788127380371093750000000000000000000000000E+03    0.994376478047342970967292785644531250000000E-06
    0.804048156738281250000000000000000000000000E+03    0.931921817937109153717756271362304687500000E-06
    0.820291442871093750000000000000000000000000E+03    0.873396913902979576960206031799316406250000E-06
    0.836861999511718750000000000000000000000000E+03    0.818556316062313271686434745788574218750000E-06
    0.853768066406250000000000000000000000000000E+03    0.767169638038467383012175559997558593750000E-06
    0.871014953613281250000000000000000000000000E+03    0.719020647466095397248864173889160156250000E-06
    0.888611083984375000000000000000000000000000E+03    0.673906527026701951399445533752441406250000E-06
    0.906562561035156250000000000000000000000000E+03    0.631636851267103338614106178283691406250000E-06
    0.924875000000000000000000000000000000000000E+03    0.592033018165238900110125541687011718750000E-06
    0.943559204101562500000000000000000000000000E+03    0.554927567009144695475697517395019531250000E-06
    0.962620788574218750000000000000000000000000E+03    0.520163212058832868933677673339843750000000E-06
    0.982067504882812500000000000000000000000000E+03    0.487591080400306964293122291564941406250000E-06
    0.100190509033203125000000000000000000000000E+04    0.457071109849493950605392456054687500000000E-06
    0.102214538574218750000000000000000000000000E+04    0.428472560543013969436287879943847656250000E-06
    0.104279455566406250000000000000000000000000E+04    0.401672934913221979513764381408691406250000E-06
    0.106386083984375000000000000000000000000000E+04    0.376557864001370035111904144287109375000000E-06
    0.108535070800781250000000000000000000000000E+04    0.353020226384614943526685237884521484375000E-06
    0.110727673339843750000000000000000000000000E+04    0.330959949224052252247929573059082031250000E-06
    0.112964575195312500000000000000000000000000E+04    0.310283326143689919263124465942382812500000E-06
    0.115246667480468750000000000000000000000000E+04    0.290902733013354009017348289489746093750000E-06
    0.117574621582031250000000000000000000000000E+04    0.272736116357918945141136646270751953125000E-06
    0.119949841308593750000000000000000000000000E+04    0.255706822827050928026437759399414062500000E-06
    0.122373059082031250000000000000000000000000E+04    0.239742973917600465938448905944824218750000E-06
    0.124845202636718750000000000000000000000000E+04    0.224777366497619368601590394973754882812500E-06
    0.127367065429687500000000000000000000000000E+04    0.210747103324138151947408914566040039062500E-06
    0.129940112304687500000000000000000000000000E+04    0.197593294615217018872499465942382812500000E-06
